,Motif_ID,x,N,n,M,pvalues,FoldEn,SScore,FDR,clasification,speciesOrigin,Bibliography,tf,tffamily,tfsubfamily
0,M01640_2.00,78,500,1517,27655,4.387662232369332e-17,1.5078652855564154,24.665308725544474,4.685162909975326e-14,True,P. patens,Zoo_01,estExt_gwp_gw1.C_550163,AP2,DREB
1,M01092_2.00,112,500,2741,27655,5.9268348007278e-17,1.1763367461730294,19.088624800820348,4.685162909975326e-14,True,A. thaliana,TF_Evolution,ERF019,AP2,.
2,M00965_2.00,87,500,1872,27655,2.316325312928381e-16,1.362047213206524,21.295881196497994,8.727734603801695e-14,True,A. lyrata,LehtiShiu2015,DDF2,AP2,DREB
3,M00964_2.00,100,500,2357,27655,3.649034816905786e-16,1.230588583465758,18.99760749796257,8.727734603801695e-14,True,A. lyrata,LehtiShiu2015,DDF1,AP2,DREB
4,M01635_2.00,72,500,1380,27655,3.8642721205953114e-16,1.5289408867179815,23.565462375125136,8.727734603801695e-14,True,Oryza sativa,Zoo_01,DREB1G,AP2,DREB
5,M00963_2.00,97,500,2241,27655,3.1510570081413413e-16,1.2594543456179348,19.523486626634458,8.727734603801695e-14,True,A. thaliana,LehtiShiu2015,DREB1E,AP2,DREB
6,M06618_2.00,87,500,1872,27655,2.316325312928381e-16,1.362047213206524,21.295881196497994,8.727734603801695e-14,True,A. thaliana,OMalley2016,AT3G16280,AP2,DREB
7,2.DREB2A-MEME,101,500,2402,27655,4.506046495224464e-16,1.2176594839873613,18.68645124729035,8.905074386187347e-14,True,.,.,2.DREB2A-MEME,.,.
8,M06641_2.00,81,500,1691,27655,5.517479799719241e-16,1.405657495415842,21.447886479198736,9.692372848173466e-14,True,A. thaliana,OMalley2016,DREB1A,AP2,DREB
9,M00962_2.00,98,500,2329,27655,1.289220472048701e-15,1.2186833568455426,18.145796438484755,2.0382575663089963e-13,True,A. thaliana,LehtiShiu2015,DREB1F,AP2,DREB
10,M06644_2.00,75,500,1539,27655,3.148674111449928e-15,1.430509611108871,20.745067685088824,4.525503427456669e-13,True,A. thaliana,OMalley2016,DREB1B,AP2,DREB
11,M06643_2.00,79,500,1681,27655,3.702935475709448e-15,1.3781451758821361,19.88863851197951,4.878617489247197e-13,True,A. thaliana,OMalley2016,DREB1B,AP2,DREB
12,M06639_2.00,70,500,1382,27655,4.4787609516147305e-15,1.4862095534979085,21.32538623573021,5.446862357309915e-13,True,A. thaliana,OMalley2016,DREB1C,AP2,DREB
13,M01048_2.00,121,500,3312,27655,9.673164767659626e-15,1.0148447167164698,14.22247167890962,1.0923766784049906e-12,True,A. thaliana,Stam_Arabidopsis,ERF008,AP2,DREB
14,M06678_2.00,77,500,1654,27655,1.4111186081193201e-14,1.3645114584648272,18.89907928327144,1.3515355366437895e-12,True,A. thaliana,OMalley2016,DREB1D,AP2,DREB
15,M06642_2.00,71,500,1451,27655,1.5334972160951755e-14,1.4363837523791378,19.84266050064571,1.3515355366437895e-12,True,A. thaliana,OMalley2016,DREB1A,AP2,DREB
16,M00842_2.00,117,500,3171,27655,1.5387501365963447e-14,1.029110994420766,14.21493716775299,1.3515355366437895e-12,True,A. thaliana,Franco_Zorrilla2014,ERF018,AP2,DREB
17,M06614_2.00,83,500,1868,27655,1.4993717792404636e-14,1.2972291285784634,17.93301309009862,1.3515355366437895e-12,True,A. thaliana,OMalley2016,ERF034,AP2,DREB
18,M06731_2.00,82,500,1848,27655,2.377882156576066e-14,1.2952714001432268,17.6465310291519,1.9786482576561895e-12,True,A. thaliana,OMalley2016,BHLH10,bHLH,.
19,1.CBF2-MEME1,79,500,1744,27655,2.5875410424519064e-14,1.325064860341377,18.00380566235072,2.0454511940582322e-12,True,.,.,1.CBF2-MEME1,.,.
20,M01094_2.00,98,500,2451,27655,3.012366098539217e-14,1.145023512189569,15.481968535171768,2.267881334185953e-12,True,A. thaliana,TF_Evolution,TINY,AP2,DREB
21,1.CBF1-MEME1,83,500,1906,27655,4.4548198069235134e-14,1.2681754643781835,16.93162603473239,3.201395506702761e-12,True,.,.,1.CBF1-MEME1,.,.
22,M06631_2.00,54,500,935,27655,4.662128674515173e-14,1.6755333843296698,22.337232139691995,3.2047067106123865e-12,True,A. thaliana,OMalley2016,ERF035,AP2,DREB
23,M06615_2.00,64,500,1258,27655,6.095879210457611e-14,1.4925522300619114,19.724023461676175,4.015660429888951e-12,True,A. thaliana,OMalley2016,ERF034,AP2,DREB
24,M06578_2.00,95,500,2393,27655,1.2226141029166963e-13,1.1347193637336495,14.652302754869764,7.731811586845188e-12,True,A. thaliana,OMalley2016,ERF055,AP2,DREB
25,M06732_2.00,66,500,1350,27655,1.4699739392129347e-13,1.435118864361461,18.41643602285882,8.938572299598653e-12,True,A. thaliana,OMalley2016,BHLH10,bHLH,.
26,M01642_2.00,70,500,1490,27655,1.6591499304780096e-13,1.3776548385366434,17.606586394496315,9.715244592910123e-12,True,P. patens,Zoo_01,gw1.8.141.1,AP2,DREB
27,M01625_2.00,84,500,1998,27655,2.0285733805172054e-13,1.2174449919275427,15.45279708867798,1.1454194694991791e-11,True,A. thaliana,Zoo_01,DREB1A,AP2,DREB
28,M06651_2.00,53,500,945,27655,2.5313642893798776e-13,1.6332183723959646,20.57307261764193,1.380029979830892e-11,True,A. thaliana,OMalley2016,ERF043,AP2,DREB
29,M06564_2.00,68,500,1443,27655,3.311699589195271e-13,1.382075693700342,17.248234262474128,1.7452656835059078e-11,True,A. thaliana,OMalley2016,DREB1F,AP2,DREB
30,M01097_2.00,121,500,3494,27655,4.0044178162051444e-13,0.9376677812990354,11.624699388663098,2.0422530862646236e-11,True,C. sativa,TF_Evolution,PK07402.1,AP2,DREB
31,M06609_2.00,67,500,1420,27655,4.746730661701118e-13,1.3838824130069285,17.054420792091253,2.3451816175467085e-11,True,A. thaliana,OMalley2016,DREB2E,AP2,DREB
32,M01620_2.00,120,500,3467,27655,5.346436794700276e-13,0.9368869113468856,11.49741580588303,2.5614292643700413e-11,True,A. thaliana,Zoo_01,ERF039,AP2,DREB
33,M01624_2.00,94,500,2420,27655,5.853697548360386e-13,1.1032659564568812,13.495777732786324,2.650882111330088e-11,True,A. thaliana,Zoo_01,DREB1A,AP2,DREB
34,M00840_2.00,110,500,3058,27655,5.868492972584002e-13,0.9924554591050555,12.139192559785116,2.650882111330088e-11,True,A. thaliana,Franco_Zorrilla2014,DREB1F,AP2,DREB
35,M00846_2.00,111,500,3115,27655,8.152614242776019e-13,0.9788678553799423,11.833242884380791,3.5803564216191354e-11,True,A. thaliana,Franco_Zorrilla2014,DREB2C,AP2,DREB
36,M06610_2.00,53,500,988,27655,1.382831249457406e-12,1.5690216599197222,18.607390018342176,5.908800555113944e-11,True,A. thaliana,OMalley2016,DREB2E,AP2,DREB
37,M06681_2.00,68,500,1506,27655,2.2719373328875438e-12,1.320425223519612,15.374507954754199,9.452455061303175e-11,True,A. thaliana,OMalley2016,ERF025,AP2,DREB
38,M06619_2.00,44,500,726,27655,2.339551126516862e-12,1.7450743175827468,20.29672809508592,9.484180335956818e-11,True,A. thaliana,OMalley2016,AT3G16280,AP2,DREB
39,M00850_2.00,122,500,3633,27655,2.482068269708936e-12,0.8932601240886018,10.366450134158764,9.81037483602457e-11,True,A. thaliana,Franco_Zorrilla2014,RAP2-10,AP2,DREB
40,M06650_2.00,82,500,2022,27655,2.5799555357733216e-12,1.1654531596562694,13.505723152145137,9.948560248921028e-11,True,A. thaliana,OMalley2016,ERF015,AP2,DREB
41,M06655_2.00,72,500,1658,27655,2.9627011995416383e-12,1.2641651468877624,14.573690418269548,1.1152453801131738e-10,True,A. thaliana,OMalley2016,DREB2A,AP2,DREB
42,M06679_2.00,53,500,1012,27655,3.402787441350163e-12,1.5343953168100892,17.59669894262108,1.2511178941336297e-10,True,A. thaliana,OMalley2016,DREB1D,AP2,DREB
43,M01639_2.00,68,500,1528,27655,4.317230935062399e-12,1.2995024501557915,14.768578583727173,1.55125957007583e-10,True,P. patens,Zoo_01,estExt_fgenesh1_pg.C_4800009,AP2,DREB
44,M06714_2.00,108,500,3078,27655,4.5906808367168705e-12,0.9565784227764588,10.845803721069787,1.612859200633194e-10,True,A. thaliana,OMalley2016,ARF2,B3,ARF
45,M06600_2.00,60,500,1258,27655,5.571099244122453e-12,1.3994428256704297,15.749412274031748,1.9147625880342605e-10,True,A. thaliana,OMalley2016,ERF037,AP2,DREB
46,M01697_2.00,93,500,2484,27655,6.041959475628834e-12,1.0501777898287505,11.78175789400727,2.0324123257381248e-10,True,A. thaliana,Zoo_01,ARF8,B3,ARF
47,M06565_2.00,78,500,1913,27655,7.275720084869269e-12,1.1732494974573366,13.067798406361725,2.3944529575490097e-10,True,A. thaliana,OMalley2016,DREB1F,AP2,DREB
48,M01627_2.00,60,500,1267,27655,7.421138198602244e-12,1.3891582234089097,15.460677400893449,2.3944529575490097e-10,True,A. thaliana,Zoo_01,ERF043,AP2,DREB
49,M01049_2.00,114,500,3361,27655,8.519768399276301e-12,0.9076836237979403,10.047669418283023,2.6939507678511667e-10,True,A. thaliana,Stam_Arabidopsis,DREB2C,AP2,.
50,M01612_2.00,113,500,3325,27655,9.54720131765503e-12,0.910508774080474,10.033919520214312,2.9596324084730596e-10,True,A. thaliana,Zoo_01,RAP2-4,AP2,DREB
51,M00843_2.00,98,500,2726,27655,1.449098622373827e-11,0.9916084342511993,10.7479466971718,4.405817157640424e-10,True,A. thaliana,Franco_Zorrilla2014,ERF037,AP2,DREB
52,1.CBF3-MEME1,82,500,2118,27655,2.5699425949893293e-11,1.0985335675669476,11.633554603411895,7.666187250336094e-10,True,.,.,1.CBF3-MEME1,.,.
53,M06599_2.00,63,500,1425,27655,3.673895866641963e-11,1.2900021565016506,13.461008876063495,1.075635067622397e-09,True,A. thaliana,OMalley2016,ERF037,AP2,DREB
54,M06577_2.00,86,500,2291,27655,3.7425820808784857e-11,1.0539714483386236,10.989579710788119,1.075822230885252e-09,True,A. thaliana,OMalley2016,ERF055,AP2,DREB
55,M01614_2.00,109,500,3235,27655,4.038412780226378e-11,0.8981027648382569,9.334690900626422,1.1401304652746256e-09,True,A. thaliana,Zoo_01,ERF024,AP2,DREB
56,M06680_2.00,78,500,1986,27655,4.2801247889844804e-11,1.119220748275075,11.604689091538125,1.187171454628853e-09,True,A. thaliana,OMalley2016,ERF025,AP2,DREB
57,M06569_2.00,93,500,2592,27655,5.832168875999153e-11,0.9887772451646071,10.11931432926449,1.5897687918887348e-09,True,A. thaliana,OMalley2016,ERF017,AP2,DREB
58,M06669_2.00,81,500,2118,27655,6.202040085826289e-11,1.0808315658334888,11.032550845088588,1.6619365043544682e-09,True,A. thaliana,OMalley2016,TINY,AP2,DREB
59,M06656_2.00,60,500,1339,27655,6.574464219922692e-11,1.3094187872254084,13.33268493069762,1.7323713219496293e-09,True,A. thaliana,OMalley2016,DREB2A,AP2,DREB
60,M06691_2.00,81,500,2132,27655,8.475358236338045e-11,1.0713267170666496,10.790233356090962,2.1966461265000737e-09,True,A. thaliana,OMalley2016,ERF010,AP2,DREB
61,M06652_2.00,47,500,916,27655,1.1633828515139738e-10,1.504853500521894,14.949632033375854,2.966626271360633e-09,True,A. thaliana,OMalley2016,ERF043,AP2,DREB
62,M06636_2.00,50,500,1015,27655,1.1833717007800058e-10,1.4460606146433865,14.354868488920683,2.96969945862411e-09,True,A. thaliana,OMalley2016,ERF039,AP2,DREB
63,M06632_2.00,41,500,736,27655,1.6816538889794496e-10,1.6234584855022711,15.86811083033421,4.154210622619546e-09,True,A. thaliana,OMalley2016,ERF035,AP2,DREB
64,M06701_2.00,86,500,2380,27655,2.43207213862762e-10,0.9989873334479925,9.604287747355801,5.91554777103118e-09,True,A. thaliana,OMalley2016,ARF5,B3,ARF
65,M01610_2.00,108,500,3326,27655,4.15044499084508e-10,0.8447834858174,7.925678694889138,9.942202318978895e-09,True,A. thaliana,Zoo_01,ERF018,AP2,DREB
66,M06608_2.00,78,500,2091,27655,4.498477635931917e-10,1.0448933092138697,9.766549252022642,1.0615064391654269e-08,True,A. thaliana,OMalley2016,ERF038,AP2,DREB
67,M01611_2.00,108,500,3334,27655,4.744411152353604e-10,0.8413175501182523,7.844291449884548,1.1030755929222127e-08,True,A. thaliana,Zoo_01,DREB2D,AP2,DREB
68,M01623_2.00,39,500,705,27655,5.715620195324082e-10,1.613391208517293,14.912472712503835,1.3096225404068658e-08,True,A. thaliana,Zoo_01,DREB1C,AP2,DREB
69,M06594_2.00,107,500,3316,27655,7.194107789591537e-10,0.8357071318465971,7.640889577393486,1.6248406307634602e-08,True,A. thaliana,OMalley2016,ERF021,AP2,DREB
70,M06634_2.00,66,500,1652,27655,7.749284806723184e-10,1.1438645848802085,10.421450971950764,1.7255801802013174e-08,True,A. thaliana,OMalley2016,RAP2-9,AP2,DREB
71,M06560_2.00,63,500,1569,27655,1.5909321634909986e-09,1.1511187234730196,10.127943507563,3.4934218756656514e-08,True,A. thaliana,OMalley2016,ERF023,AP2,DREB
72,M06582_2.00,76,500,2077,27655,1.7629101692226696e-09,1.0171104495401382,8.903550753768696,3.81802873635759e-08,True,A. thaliana,OMalley2016,RAP2-1,AP2,DREB
73,M06566_2.00,72,500,1921,27655,1.8364084624503547e-09,1.0517516347179858,9.188134585033582,3.923461863694609e-08,True,A. thaliana,OMalley2016,ERF027,AP2,DREB
74,M06934_2.00,54,500,1246,27655,1.9386381102277608e-09,1.261267586080667,10.988797947951044,4.08664913636012e-08,True,A. thaliana,OMalley2016,ATHB-53,Homeodomain,HD-ZIP
75,M06635_2.00,89,500,2626,27655,2.542458024541807e-09,0.9065506670147111,7.79157290810017,5.288981758948154e-08,True,A. thaliana,OMalley2016,ERF039,AP2,DREB
76,M06567_2.00,55,500,1293,27655,2.6000962801146908e-09,1.2343215906556058,10.596663902618133,5.3386392452744495e-08,True,A. thaliana,OMalley2016,ERF027,AP2,DREB
77,M07112_2.00,75,500,2060,27655,2.810975836128649e-09,1.0098585053665008,8.635444375731536,5.625509869518221e-08,True,A. thaliana,OMalley2016,HHO5,Myb/SANT,G2-like
78,M06640_2.00,29,500,446,27655,2.8023441012669708e-09,1.8465495321484677,15.79257524404004,5.625509869518221e-08,True,A. thaliana,OMalley2016,DREB1C,AP2,DREB
79,M06629_2.00,46,500,985,27655,3.4161310996301045e-09,1.3690504786544748,11.59101860544812,6.751129085643994e-08,True,A. thaliana,OMalley2016,ERF011,AP2,DREB
80,M06583_2.00,69,500,1854,27655,5.39516430660631e-09,1.041567365093839,8.61167410484408,1.0530561442894539e-07,True,A. thaliana,OMalley2016,RAP2-1,AP2,DREB
81,M07063_2.00,73,500,2026,27655,7.079138144596973e-09,0.9948745370200793,8.108246988814992,1.3648923666594896e-07,True,A. thaliana,OMalley2016,MYR2,Myb/SANT,G2-like
82,M07086_2.00,64,500,1681,27655,8.663967971376393e-09,1.074364427705033,8.661830235190767,1.6503293208127804e-07,True,A. thaliana,OMalley2016,AT3G24120,Myb/SANT,G2-like
83,M07113_2.00,74,500,2079,27655,9.104537057975981e-09,0.9772477597117804,7.857797234968182,1.7136039391261936e-07,True,A. thaliana,OMalley2016,HHO5,Myb/SANT,G2-like
84,M07017_2.00,75,500,2127,27655,1.0529359223863188e-08,0.963682809476409,7.68787410892054,1.958460815638553e-07,True,A. thaliana,OMalley2016,HHO3,Myb/SANT,G2-like
85,M07080_2.00,67,500,1814,27655,1.2117905869626657e-08,1.0305988868704508,8.158810729417137,2.2277219976604353e-07,True,A. thaliana,OMalley2016,PHL12,Myb/SANT,G2-like
86,M06927_2.00,46,500,1037,27655,1.5731417572954246e-08,1.2948302141849874,10.103860744370142,2.858778296878237e-07,True,A. thaliana,OMalley2016,ATHB-51,Homeodomain,HD-ZIP
87,M07058_2.00,62,500,1632,27655,1.6120705024868667e-08,1.07123940535658,8.347757296405293,2.896231209581518e-07,True,A. thaliana,OMalley2016,AT2G40260,Myb/SANT,G2-like
88,M06568_2.00,78,500,2279,27655,1.8118642675890116e-08,0.9206854465381518,7.127831033577931,3.2186038281553116e-07,True,A. thaliana,OMalley2016,ERF017,AP2,DREB
89,M06649_2.00,62,500,1647,27655,2.227560272921042e-08,1.0580399076017208,8.096301806937108,3.913080879431297e-07,True,A. thaliana,OMalley2016,ERF015,AP2,DREB
90,M00844_2.00,70,500,1970,27655,2.50722576095697e-08,0.9747715395424286,7.409049910903584,4.3559603605197466e-07,True,A. thaliana,Franco_Zorrilla2014,ERF008,AP2,DREB
91,M07135_2.00,63,500,1697,27655,2.803845858729957e-08,1.0379775108984537,7.839061365023771,4.818348155056589e-07,True,A. thaliana,OMalley2016,PHL11,Myb/SANT,G2-like
92,M01634_2.00,99,500,3208,27655,3.0940328759648386e-08,0.7713666305658898,5.792558486670595,5.259855889140226e-07,True,Oryza sativa,Zoo_01,LOC_Os08g36920,AP2,ERF
93,ATNATTG-HB5-DREME,77,500,2276,27655,3.591709229376217e-08,0.9039701353295199,6.729785408256205,6.040949246429574e-07,True,.,.,ATNATTG-HB5-DREME,.,.
94,M06603_2.00,38,500,790,27655,3.715073014447821e-08,1.4116871073203205,10.488881293867252,6.182663616675795e-07,True,A. thaliana,OMalley2016,ERF008,AP2,DREB
95,M07134_2.00,62,500,1680,27655,4.451209367029819e-08,1.029419229661953,7.567798091195889,7.330585426327232e-07,True,A. thaliana,OMalley2016,PHL11,Myb/SANT,G2-like
96,M06914_2.00,56,500,1449,27655,4.651776302344918e-08,1.0959814794418754,8.036153971381646,7.581915808254964e-07,True,A. thaliana,OMalley2016,HAT5,Homeodomain,HD-ZIP
97,M06913_2.00,56,500,1454,27655,5.198957127771404e-08,1.0910118050792101,7.9470213755788395,8.387297162251622e-07,True,A. thaliana,OMalley2016,ATHB-20,Homeodomain,HD-ZIP
98,M00982_2.00,104,500,3472,27655,5.6805710387271324e-08,0.7283569226378134,5.277388748938418,9.071699810330905e-07,True,A. thaliana,Lindemose2014,ZAP1,WRKY,.
99,M07040_2.00,76,500,2263,27655,5.9157718259750146e-08,0.8933750811178934,6.4573048887016835,9.352835256866498e-07,True,A. thaliana,OMalley2016,PHL7,Myb/SANT,G2-like
100,M06571_2.00,66,500,1854,27655,5.977404305543591e-08,0.9774370276741234,7.060504022357014,9.356709115905364e-07,True,A. thaliana,OMalley2016,ERF019,AP2,DREB
101,M06561_2.00,62,500,1696,27655,6.169169314139293e-08,1.0157442927648765,7.323286092055359,9.562212436915905e-07,True,A. thaliana,OMalley2016,ERF023,AP2,DREB
102,M07091_2.00,63,500,1747,27655,7.724731161475193e-08,0.9960844675243573,7.084268902473327,1.1857087345914834e-06,True,A. thaliana,OMalley2016,ATMYB121,Myb/SANT,R2R3-MYB
103,M06902_2.00,54,500,1407,27655,1.0034191996456593e-07,1.0859493258681365,7.60003546256578,1.525390148692103e-06,True,A. thaliana,OMalley2016,ATHB-X,Homeodomain,HD-ZIP
104,M06648_2.00,73,500,2171,27655,1.0446255169055339e-07,0.8951489852060733,6.249070307672444,1.5729075640263327e-06,True,A. thaliana,OMalley2016,ERF054,AP2,DREB
105,ATVATTGHAT22-DREME2,62,500,1727,27655,1.141886768239278e-07,0.9896123797991515,6.870262184312815,1.7031348873455645e-06,True,.,.,ATVATTGHAT22-DREME2,.,.
106,AATVATTG-HB6-DREME,39,500,863,27655,1.2054060560585455e-07,1.321653906624494,9.14434711218467,1.7810719389051968e-06,True,.,.,AATVATTG-HB6-DREME,.,.
107,M01641_2.00,67,500,1935,27655,1.2769553266213333e-07,0.9374397763672004,6.462545106315779,1.8693207142484517e-06,True,P. patens,Zoo_01,fgenesh1_pg.scaffold_1000495,AP2,DREB
108,M06910_2.00,53,500,1384,27655,1.4075748026322585e-07,1.0827606638676752,7.418565564695282,2.0416291403317437e-06,True,A. thaliana,OMalley2016,ATHB-6,Homeodomain,HD-ZIP
109,M06768_2.00,42,500,978,27655,1.5392896310324291e-07,1.2480952047677272,8.502872810410702,2.2123790060566094e-06,True,A. thaliana,OMalley2016,BZIP18,bZIP,.
110,M07016_2.00,67,500,1951,27655,1.7058449046651988e-07,0.9255595647899466,6.264243091429204,2.429676391239351e-06,True,A. thaliana,OMalley2016,HHO3,Myb/SANT,G2-like
111,M06915_2.00,48,500,1205,27655,1.8074167428923962e-07,1.139613506545033,7.684347433999709,2.5513623843864983e-06,True,A. thaliana,OMalley2016,HAT5,Homeodomain,HD-ZIP
112,M07336_2.00,115,500,4065,27655,1.9072033414210592e-07,0.6459188509231857,4.340318249101484,2.644989897181311e-06,True,A. thaliana,OMalley2016,MIP1B,Unknown,.
113,M00882_2.00,65,500,1875,27655,1.8950747768268252e-07,0.9391613696990495,6.313393643583867,2.644989897181311e-06,True,A. thaliana,Franco_Zorrilla2014,MYB111,Myb/SANT,R2R3-MYB
114,M06900_2.00,66,500,1920,27655,2.041573436431027e-07,0.9269719606911354,6.201474855172209,2.8067196547803944e-06,True,A. thaliana,OMalley2016,ATHB-13,Homeodomain,HD-ZIP
115,M02370_2.00,43,500,1026,27655,2.093665890816676e-07,1.2129181760362442,8.101192840959166,2.8535222184320387e-06,True,A. thaliana,Zoo_01,NAC043,NAC/NAM,.
116,M06589_2.00,35,500,745,27655,2.1706409275323012e-07,1.3776548385366434,9.179881800330918,2.933148125152622e-06,True,A. thaliana,OMalley2016,DREB1E,AP2,DREB
117,M06912_2.00,49,500,1256,27655,2.448479867683519e-07,1.109557532164782,7.3353996428070145,3.280548026108173e-06,True,A. thaliana,OMalley2016,ATHB-20,Homeodomain,HD-ZIP
118,M06687_2.00,55,500,1489,27655,2.5068445142924667e-07,1.0307001118837604,6.803520129507089,3.3305219975599915e-06,True,A. thaliana,OMalley2016,AT5G65130,AP2,DREB
119,M06901_2.00,54,500,1452,27655,2.6219688104755197e-07,1.0405302011089184,6.848116828884089,3.4544439078014973e-06,True,A. thaliana,OMalley2016,ATHB-13,Homeodomain,HD-ZIP
120,M00854_2.00,94,500,3151,27655,3.1868726729542745e-07,0.7224632496012983,4.693580241504942,4.164004707389015e-06,True,A. thaliana,Franco_Zorrilla2014,PIF3,bHLH,.
121,M08180_2.00,78,500,2455,27655,3.4177879669642907e-07,0.8133633466013934,5.25941471208583,4.429117029320118e-06,True,A. thaliana,JASPAR,WRKY40,WRKY,.
122,M02351_2.00,73,500,2250,27655,3.893585516930251e-07,0.8435837097168183,5.4070765630607855,5.004681871761566e-06,True,C. sativa,Zoo_01,PK10342.1,Myb/SANT,G2-like
123,M06598_2.00,86,500,2814,27655,4.048831435882823e-07,0.7573265784067655,4.841339128016056,5.1622600807506e-06,True,A. thaliana,OMalley2016,DREB2D,AP2,DREB
124,M02311_2.00,74,500,2296,27655,4.1189368755339383e-07,0.8340148758944625,5.325364182142365,5.209631360175325e-06,True,A. thaliana,Zoo_01,MYB24,Myb/SANT,R2R3-MYB
125,M00720_2.00,87,500,2860,27655,4.165389598579997e-07,0.750612501124177,4.7891662469384455,5.226572186789663e-06,True,A. thaliana,Chang2013,ERF1A,AP2,ERF
126,M07029_2.00,84,500,2733,27655,4.4565867107657933e-07,0.765516115196754,4.861791040301649,5.547924086394268e-06,True,A. thaliana,OMalley2016,HHO2,Myb/SANT,G2-like
127,M06868_2.00,109,500,3863,27655,4.738422692251772e-07,0.6421467994861956,4.061171514449559,5.852692403476602e-06,True,A. thaliana,OMalley2016,DOF5.8,Dof,.
128,M07064_2.00,53,500,1446,27655,5.170791980394177e-07,1.0195370545532818,6.4092615119661644,6.337226450390072e-06,True,A. thaliana,OMalley2016,MYR2,Myb/SANT,G2-like
129,M01613_2.00,87,500,2877,27655,5.283877876511896e-07,0.7420624270506416,4.657960901137685,6.426008402127159e-06,True,A. thaliana,Zoo_01,AT2G33710,AP2,ERF
130,M01900_2.00,75,500,2360,27655,5.738257191007055e-07,0.8137159831878777,5.078580460779799,6.925331770215385e-06,True,A. thaliana,Zoo_01,CMTA3,CG-1,.
131,M06832_2.00,144,500,5555,27655,6.632256242230339e-07,0.5198222421070584,3.211637877006185,7.917898787227477e-06,True,A. thaliana,OMalley2016,DOF1.6,Dof,.
132,M06633_2.00,42,500,1036,27655,6.660850972177446e-07,1.1649775720334068,7.195449354031719,7.917898787227477e-06,True,A. thaliana,OMalley2016,RAP2-9,AP2,DREB
133,M01325_2.00,97,500,3343,27655,6.752666869958848e-07,0.6824536395109249,4.2110970220418125,7.940287155777513e-06,True,C. sativa,TF_Evolution,PK25870.1,WRKY,.
134,M07085_2.00,92,500,3118,27655,6.780131347438103e-07,0.7066251803004286,4.359002484676254,7.940287155777513e-06,True,A. thaliana,OMalley2016,AT3G24120,Myb/SANT,G2-like
135,M01073_2.00,67,500,2033,27655,6.986004259300731e-07,0.8661631275542406,5.331901995181506,8.061950900696684e-06,True,A. thaliana,Stam_Arabidopsis,MYB83,Myb/SANT,R2R3-MYB
136,M07065_2.00,65,500,1949,27655,6.939681280721406e-07,0.8833178747117649,5.4400548818159935,8.061950900696684e-06,True,A. thaliana,OMalley2016,MYB108,Myb/SANT,R2R3-MYB
137,M01068_2.00,88,500,2943,27655,7.11296518621544e-07,0.7258282286381026,4.462355162451954,8.148984028555516e-06,True,A. thaliana,Stam_Arabidopsis,HRS1,Myb/SANT,G2-like
138,M01162_2.00,90,500,3033,27655,7.196491468508394e-07,0.7147917506467043,4.390879366750386,8.185361878929333e-06,True,C. sativa,TF_Evolution,PK24978.1,bZIP,.
139,M02050_2.00,62,500,1830,27655,7.607344826935364e-07,0.9060368141566708,5.543828066404933,8.558938414594289e-06,True,A. thaliana,Zoo_01,ATHB-16,Homeodomain,HD-ZIP
140,M08407_2.00,52,500,1426,27655,7.633208832750125e-07,1.0121498886384046,6.1916172827995615,8.558938414594289e-06,True,A. thaliana,JASPAR,HY5,bZIP,.
141,M01126_2.00,83,500,2733,27655,8.301797719730562e-07,0.7482381237649185,4.549907223500183,9.243057883728182e-06,True,C. sativa,TF_Evolution,PK18401.1,bHLH,.
142,M06851_2.00,116,500,4241,27655,8.682475156019584e-07,0.5972606644723383,3.6202097813505394,9.599295959207665e-06,True,A. thaliana,OMalley2016,DOF3.4,Dof,.
143,M01608_2.00,92,500,3141,27655,9.155363184851768e-07,0.6960221653462489,4.202807639929813,1.005182583003517e-05,True,A. thaliana,Zoo_01,ERF8,AP2,ERF
144,M01782_2.00,62,500,1854,27655,1.1471914444944408e-06,0.887239218702545,5.270524003370398,1.2508342577556625e-05,True,A. thaliana,Zoo_01,ABF3,bZIP,.
145,M06932_2.00,59,500,1734,27655,1.2293040303700084e-06,0.9122233030812068,5.391550510678905,1.3311847068595776e-05,True,A. thaliana,OMalley2016,ATHB-5,Homeodomain,HD-ZIP
146,M02703_2.00,81,500,2676,27655,1.2787708065294366e-06,0.7434560391843644,4.381340547637701,1.3574869358603453e-05,True,Hordeum vulgare,JASPAR,Gam1,Myb/SANT,R2R3-MYB
147,M01704_2.00,89,500,3032,27655,1.279352014188434e-06,0.6991478297365064,4.120085112116149,1.3574869358603453e-05,True,A. thaliana,Zoo_01,BHLH34,bHLH,.
148,M01077_2.00,79,500,2588,27655,1.277560910747353e-06,0.7556272831257959,4.45337884779589,1.3574869358603453e-05,True,A. thaliana,Stam_Arabidopsis,PHL12,Myb/SANT,G2-like
149,1.ANAC55.1MEME,65,500,1998,27655,1.5501117147837966e-06,0.8474953821772367,4.923640530976664,1.6338177473821214e-05,True,.,.,1.ANAC55.1MEME,.,.
150,M07141_2.00,62,500,1873,27655,1.5755694239209335e-06,0.8725295630850302,5.062907284384587,1.649652489549004e-05,True,A. thaliana,OMalley2016,MYB49,Myb/SANT,R2R3-MYB
151,M07123_2.00,64,500,1958,27655,1.6046068793897765e-06,0.8543033873375054,4.9503731908394,1.669002287049498e-05,True,A. thaliana,OMalley2016,MYB92,Myb/SANT,R2R3-MYB
152,M07149_2.00,51,500,1426,27655,1.6575292746838403e-06,0.9841355124688079,5.688833506905816,1.7016583008280204e-05,True,A. thaliana,OMalley2016,AT5G61620,Myb/SANT,MYB-related
153,M02702_2.00,86,500,2917,27655,1.6480190525805301e-06,0.7054635207451208,4.079722187078818,1.7016583008280204e-05,True,A. thaliana,JASPAR,ARR10,Myb/SANT,ARR-B
154,M06925_2.00,52,500,1467,27655,1.688194556697343e-06,0.9712549994089027,5.606644760599029,1.7219584478312898e-05,True,A. thaliana,OMalley2016,HB-5,Homeodomain,HD-ZIP
155,M02297_2.00,78,500,2568,27655,1.783900266511131e-06,0.7484411686811457,4.302510928620045,1.807914308560319e-05,True,A. thaliana,Zoo_01,ARR1,Myb/SANT,ARR-B
156,M02284_2.00,82,500,2746,27655,1.8152727600225888e-06,0.7239045314121835,4.15597798043789,1.827991231589626e-05,True,A. thaliana,Zoo_01,HRS1,Myb/SANT,G2-like
157,M02562_2.00,91,500,3158,27655,2.0124892683970664e-06,0.6724676212796598,3.8305547342256157,2.013762995782128e-05,True,A. thaliana,Zoo_01,WRKY75,WRKY,.
158,M07382_2.00,85,500,2889,27655,2.049520401945078e-06,0.7025048845142869,3.996092082101165,2.0379193430661438e-05,True,A. thaliana,OMalley2016,WRKY59,WRKY,.
159,M06839_2.00,109,500,3992,27655,2.096593631760429e-06,0.5947567563808662,3.3773177584934437,2.071696582383274e-05,True,A. thaliana,OMalley2016,DOF2.2,Dof,.
160,M06867_2.00,117,500,4376,27655,2.2501381200671986e-06,0.5644361337320485,3.1878172161504503,2.2096076818796526e-05,True,A. thaliana,OMalley2016,DOF5.6,Dof,.
161,MACCR-TCP4-1DREME,113,500,4188,27655,2.2831724373051503e-06,0.5776016724255799,3.2585174743218674,2.228207174925582e-05,True,.,.,MACCR-TCP4-1DREME,.,.
162,M00852_2.00,53,500,1530,27655,2.5585697327677793e-06,0.9380729539243856,5.245706530553149,2.481655673316478e-05,True,A. thaliana,Franco_Zorrilla2014,ARF3,B3,ARF
163,M02289_2.00,82,500,2778,27655,2.7693217385462166e-06,0.7071895575778918,3.9302954859614267,2.6696937003912004e-05,True,A. thaliana,Zoo_01,HHO3,Myb/SANT,G2-like
164,M06747_2.00,32,500,729,27655,2.79165263844887e-06,1.2796934326142633,7.107594717584233,2.674910800841008e-05,True,A. thaliana,OMalley2016,AtbZIP52,bZIP,.
165,M06690_2.00,68,500,2168,27655,2.955465803725695e-06,0.7947822368376685,4.394648284751192,2.8148141178857374e-05,True,A. thaliana,OMalley2016,ERF010,AP2,DREB
166,M01618_2.00,80,500,2698,27655,3.123204074700318e-06,0.7137218988802955,3.9293242833064785,2.9567578695216784e-05,True,A. thaliana,Zoo_01,ERF098,AP2,ERF
167,M06836_2.00,111,500,4124,27655,3.1587382255907576e-06,0.5740556859231979,3.157585472557556,2.9725982944398738e-05,True,A. thaliana,OMalley2016,DOF1.8,Dof,.
168,M07061_2.00,59,500,1791,27655,3.2144315809116924e-06,0.8655618643170804,4.754441141049184,3.0071102540954945e-05,True,A. thaliana,OMalley2016,MYB107,Myb/SANT,R2R3-MYB
169,M01270_2.00,80,500,2702,27655,3.2912054260997516e-06,0.7115845725028782,3.901365605371175,3.060821046272769e-05,True,A. thaliana,TF_Evolution,UNE16,Myb/SANT,G2-like
170,M01045_2.00,86,500,2973,27655,3.3629974309676517e-06,0.6780294437356541,3.7110405625126437,3.109297624771847e-05,True,A. thaliana,Stam_Arabidopsis,ERF14,AP2,ERF
171,M06840_2.00,117,500,4416,27655,3.4067676508390377e-06,0.5513086997464363,3.01436713886612,3.131453288358441e-05,True,A. thaliana,OMalley2016,DOF2.2,Dof,.
172,M06861_2.00,110,500,4089,27655,3.595563349554056e-06,0.5732958029394942,3.1211559607078465,3.285887662222522e-05,True,A. thaliana,OMalley2016,DOF4.7,Dof,.
173,M06863_2.00,111,500,4137,27655,3.6237228426598723e-06,0.56951506105617,3.098643187388423,3.292589548416815e-05,True,A. thaliana,OMalley2016,DOF5.1,Dof,.
174,M07062_2.00,62,500,1927,27655,3.74166954335961e-06,0.8315238910323547,4.512625750978382,3.363915540352782e-05,True,A. thaliana,OMalley2016,MYB107,Myb/SANT,R2R3-MYB
175,M02310_2.00,75,500,2490,27655,3.7447763131061964e-06,0.736357100481638,3.9958963837579513,3.363915540352782e-05,True,A. thaliana,Zoo_01,PHL1,Myb/SANT,G2-like
176,M01757_2.00,87,500,3038,27655,4.282810353831671e-06,0.6635057782878453,3.561878931471454,3.825493316049645e-05,True,P. patens,Zoo_01,fgenesh1_pg.scaffold_37000071,bHLH,.
177,M02546_2.00,77,500,2594,27655,4.5988725192772585e-06,0.7152922133844024,3.8177639143700364,4.0847289061670484e-05,True,A. thaliana,Zoo_01,WRKY63,WRKY,.
178,M02031_2.00,45,500,1244,27655,4.947237272736227e-06,1.0005507631402726,5.308559409527349,4.301639278569645e-05,True,A. thaliana,Zoo_01,RGL2,GRAS,.
179,AGATHYG-ARR10-4DREME,69,500,2247,27655,4.942040995105833e-06,0.7642084845394626,4.054961791958445,4.301639278569645e-05,True,.,.,AGATHYG-ARR10-4DREME,.,.
180,M06590_2.00,84,500,2914,27655,4.959772720591015e-06,0.6730006976554483,3.5699579257665315,4.301639278569645e-05,True,A. thaliana,OMalley2016,AT1G63040,AP2,.
181,M00841_2.00,86,500,3005,27655,4.9791270586859264e-06,0.6625839160447506,3.5135809930597217,4.301639278569645e-05,True,A. thaliana,Franco_Zorrilla2014,RAP2-6,AP2,ERF
182,BCTTCTY-SPL7-1DREME,112,500,4213,27655,4.876061380705642e-06,0.5561911584365504,2.9544489652347288,4.301639278569645e-05,True,.,.,BCTTCTY-SPL7-1DREME,.,.
183,M01100_2.00,88,500,3097,27655,5.035046478853981e-06,0.6522443879038348,3.455588494753886,4.3158142295447265e-05,True,C. sativa,TF_Evolution,PK19363.1,AP2,ERF
184,M02380_2.00,68,500,2205,27655,5.050130502629819e-06,0.7703683377466571,4.080407970770596,4.3158142295447265e-05,True,P. patens,Zoo_01,e_gw1.279.28.1,NAC/NAM,.
185,M07365_2.00,99,500,3606,27655,5.133294100180591e-06,0.6026413755884685,3.187734142369103,4.339966830152681e-05,True,A. thaliana,OMalley2016,AT5G63260,C3H,.
186,M01712_2.00,90,500,3190,27655,5.1276919053682025e-06,0.6419808246186434,3.3961286862063984,4.339966830152681e-05,True,A. thaliana,Zoo_01,MYC3,bHLH,.
187,M01132_2.00,103,500,3797,27655,5.3603782295636226e-06,0.5853246805053297,3.0851319981926295,4.507849989861749e-05,True,A. thaliana,TF_Evolution,HYH,bZIP,.
188,M07115_2.00,70,500,2300,27655,5.626185353417074e-06,0.7513333080544295,3.944339055060579,4.7063487003980925e-05,True,A. thaliana,OMalley2016,MYB4,Myb/SANT,R2R3-MYB
189,M01769_2.00,89,500,3154,27655,5.7521204048454476e-06,0.6422349231170879,3.365421481942588,4.786369663189817e-05,True,O. tauri,Zoo_01,fgenesh1_pg.C_Chr_14.0001000151,bHLH,.
190,M06746_2.00,35,500,867,27655,5.8396336893226015e-06,1.158863270664332,6.065043494740928,4.83374914283719e-05,True,A. thaliana,OMalley2016,AtbZIP52,bZIP,.
191,M01846_2.00,87,500,3065,27655,5.9203220825210635e-06,0.6507405742117849,3.401846998982467,4.8750152148259384e-05,True,O. tauri,Zoo_01,1500010105,bZIP,.
192,M01707_2.00,84,500,2930,27655,6.029007036703677e-06,0.6651009104103508,3.4716632766912903,4.9387876295484526e-05,True,A. thaliana,Zoo_01,MYC4,bHLH,.
193,M06647_2.00,65,500,2089,27655,6.177011132503995e-06,0.7832394729025468,4.080067992713444,5.03394567035506e-05,True,A. thaliana,OMalley2016,ERF054,AP2,DREB
194,M06866_2.00,112,500,4245,27655,6.744375702534905e-06,0.5452745205584036,2.8196463052559837,5.4681323003629154e-05,True,A. thaliana,OMalley2016,DOF5.4,Dof,.
195,M11061_2.00,78,500,2669,27655,6.79400398957892e-06,0.6927870656614824,3.5802364044155697,5.480265463022588e-05,True,Hordeum vulgare,Transfac,Gam1,Myb/SANT,R2R3-MYB
196,M06935_2.00,46,500,1301,27655,6.850596050464063e-06,0.967625146280418,4.99707910124377,5.4978641399917175e-05,True,A. thaliana,OMalley2016,ATHB-53,Homeodomain,HD-ZIP
197,M06828_2.00,37,500,951,27655,7.1461921581051405e-06,1.1056202717095864,5.689439339417755,5.706126162608195e-05,True,A. thaliana,OMalley2016,EICBP.B,CG-1,.
198,M06753_2.00,26,500,555,27655,7.555184906577465e-06,1.3735641938448244,7.035059143332114,6.0023855966326496e-05,True,A. thaliana,OMalley2016,VIP1,bZIP,.
199,M06855_2.00,118,500,4545,27655,7.621349222095794e-06,0.5220469072215722,2.671819437632324,6.024676560066725e-05,True,A. thaliana,OMalley2016,OBP3,Dof,.
200,M02560_2.00,88,500,3133,27655,7.678339415678667e-06,0.6355710012074438,3.250775779302256,6.039529659795011e-05,True,A. thaliana,Zoo_01,WRKY18,WRKY,.
201,M07425_2.00,87,500,3088,27655,7.754873009392491e-06,0.6399548955218483,3.27044169508993,6.069531795965113e-05,True,A. thaliana,OMalley2016,WRKY50,WRKY,.
202,M07152_2.00,58,500,1806,27655,7.945642030579642e-06,0.8288672545879144,4.227116078504131,6.188206921352913e-05,True,A. thaliana,OMalley2016,MYB99,Myb/SANT,R2R3-MYB
203,1.PIF1.MEME1,94,500,3415,27655,8.117036071894926e-06,0.6063874254413851,3.08687735849521,6.290702955718568e-05,True,.,.,1.PIF1.MEME1,.,.
204,M07044_2.00,45,500,1271,27655,8.272618850313704e-06,0.9695732182659161,4.927717218071135,6.380005074315106e-05,True,A. thaliana,OMalley2016,EFM,Myb/SANT,G2-like
205,M07012_2.00,41,500,1114,27655,8.549855324300262e-06,1.0254869242192526,5.197210016962614,6.561806440640151e-05,True,A. thaliana,OMalley2016,AT1G19000,Myb/SANT,MYB-related
206,M01156_2.00,93,500,3374,27655,8.617828058183085e-06,0.6083829897616662,3.0812178132711088,6.582022299510849e-05,True,C. sativa,TF_Evolution,PK09653.1,bZIP,.
207,M06856_2.00,97,500,3562,27655,8.778925661708196e-06,0.5909094780267091,2.987968419768585,6.672827630365701e-05,True,A. thaliana,OMalley2016,DOF4.2,Dof,.
208,M01703_2.00,82,500,2871,27655,8.841068490193567e-06,0.6596828263521024,3.333704026188312,6.68790874784499e-05,True,A. thaliana,Zoo_01,PIF1,bHLH,.
209,M01758_2.00,73,500,2467,27655,8.924595285237719e-06,0.7107509955210944,3.588874228574448,6.718945307600397e-05,True,P. patens,Zoo_01,gw1.270.82.1,bHLH,.
210,M07081_2.00,47,500,1357,27655,9.106613516175008e-06,0.9378522831999837,4.727378634926355,6.823486241266676e-05,True,A. thaliana,OMalley2016,AtMYB10,Myb/SANT,R2R3-MYB
211,M01633_2.00,83,500,2921,27655,9.327419219166465e-06,0.6522612254589465,3.28102953065132,6.95596687995386e-05,True,A. thaliana,Zoo_01,CRF3,AP2,ERF
212,M06908_2.00,36,500,926,27655,9.529375579351878e-06,1.1045250551232764,5.545749121710688,7.073212577913294e-05,True,A. thaliana,OMalley2016,ATHB-21,Homeodomain,HD-ZIP
213,M07351_2.00,65,500,2123,27655,1.0000733337942936e-05,0.7599475940642774,3.7997137680465753,7.38839224639616e-05,True,A. thaliana,OMalley2016,GT-3A,Trihelix,.
214,M01118_2.00,89,500,3204,27655,1.020055087128383e-05,0.619543435498888,3.0923744665752304,7.466236540509136e-05,True,C. sativa,TF_Evolution,PK01630.1,bHLH,.
215,M02552_2.00,74,500,2522,27655,1.0196255719357785e-05,0.6985692422419303,3.4869497845877033,7.466236540509136e-05,True,A. thaliana,Zoo_01,WRKY25,WRKY,.
216,M02137_2.00,65,500,2125,27655,1.028242101337348e-05,0.7585891240572286,3.7837701949983127,7.491478166886392e-05,True,Zea mays,Zoo_01,GRMZM2G038252,Homeodomain,HD-WOX
217,M07144_2.00,45,500,1285,27655,1.0708111331212844e-05,0.9537688891896349,4.7405052274401625,7.765836703966747e-05,True,A. thaliana,OMalley2016,AT5G56840,Myb/SANT,MYB-related
218,M01699_2.00,83,500,2934,27655,1.086665790475514e-05,0.6458547126147354,3.2059607944854696,7.844833857268437e-05,True,A. thaliana,Zoo_01,MYC2,bHLH,.
219,M01770_2.00,103,500,3866,27655,1.101896045655267e-05,0.5593430419131832,2.7731441444549665,7.918625673549896e-05,True,A. thaliana,Zoo_01,BZIP68,bZIP,.
220,M02548_2.00,90,500,3258,27655,1.1121212841844371e-05,0.6115506447453576,3.029528845099479,7.955944571473282e-05,True,A. thaliana,Zoo_01,WRKY40,WRKY,.
221,M06841_2.00,99,500,3683,27655,1.1696623008161488e-05,0.5721593751210721,2.8218554267674745,8.32989233148798e-05,True,A. thaliana,OMalley2016,DOF2.4,Dof,.
222,M06847_2.00,108,500,4113,27655,1.2092629590199596e-05,0.5383805826042869,2.6474753434596052,8.573294790181865e-05,True,A. thaliana,OMalley2016,DOF3.2,Dof,.
223,M07319_2.00,62,500,2007,27655,1.225138513883726e-05,0.7728398459654587,3.7960461990749295,8.647071385938262e-05,True,A. thaliana,OMalley2016,AT1G76870,Trihelix,.
224,M02477_2.00,48,500,1416,27655,1.2501484957804948e-05,0.9068253875793593,4.446199694982311,8.784376763684277e-05,True,P. trichocarpa,Zoo_01,POPTR_0002s00440,SBP,.
225,M00849_2.00,80,500,2810,27655,1.2618963354285761e-05,0.6550421167202746,3.2090358189688577,8.788802230451889e-05,True,A. thaliana,Franco_Zorrilla2014,ERF109,AP2,ERF
226,M06769_2.00,32,500,788,27655,1.2601229754260935e-05,1.1674166174848244,5.7198593643401345,8.788802230451889e-05,True,A. thaliana,OMalley2016,BZIP18,bZIP,.
227,M07020_2.00,60,500,1927,27655,1.3449132896004674e-05,0.7842181762539979,3.820166483764865,9.2047961509019e-05,True,A. thaliana,OMalley2016,AtMYB93,Myb/SANT,R2R3-MYB
228,1.ABF4-MEME,84,500,2998,27655,1.3408344198341003e-05,0.6320011917721012,3.079504712278771,9.2047961509019e-05,True,.,.,1.ABF4-MEME,.,.
229,M07271_2.00,41,500,1137,27655,1.3432016539420047e-05,0.9960039026670363,4.8523903602184495,9.2047961509019e-05,True,A. thaliana,OMalley2016,STKL2,Storekeeper,.
230,M01128_2.00,90,500,3276,27655,1.3550582685256139e-05,0.6036018916298665,2.938359377478564,9.234254838530154e-05,True,C. sativa,TF_Evolution,PK20225.1,bHLH,.
231,M06865_2.00,103,500,3889,27655,1.389470729918889e-05,0.5507854446902105,2.6752478517595843,9.428125424900273e-05,True,A. thaliana,OMalley2016,DOF5.4,Dof,.
232,M02555_2.00,92,500,3373,27655,1.4137088828750752e-05,0.5932137899800869,2.876873332242236,9.545535793819173e-05,True,A. thaliana,Zoo_01,WRKY43,WRKY,.
233,M01901_2.00,63,500,2061,27655,1.4188494064184098e-05,0.7576195709018608,3.672987937951513,9.545535793819173e-05,True,A. thaliana,Zoo_01,CMTA2,CG-1,.
234,M06734_2.00,69,500,2328,27655,1.4737169392542144e-05,0.7131175508110859,3.4454887210607215,9.872654580342853e-05,True,A. thaliana,OMalley2016,BHLH34,bHLH,.
235,M06933_2.00,52,500,1596,27655,1.5636404539739036e-05,0.8496632188599468,4.083365112794553,0.0001043086733220566,True,A. thaliana,OMalley2016,ATHB-5,Homeodomain,HD-ZIP
236,M06833_2.00,110,500,4237,27655,1.5883766658158107e-05,0.52200073710197,2.505105811222758,0.00010507211333283667,True,A. thaliana,OMalley2016,DOF1.7,Dof,.
237,1.GBF3-MEME1,81,500,2875,27655,1.582468086822048e-05,0.6399721991067253,3.0722921625125355,0.00010507211333283667,True,.,.,1.GBF3-MEME1,.,.
238,M07334_2.00,81,500,2877,27655,1.619317624855179e-05,0.6389689340865382,3.0610879981623835,0.00010622992385460739,True,A. thaliana,OMalley2016,AtIDD11,C2H2 ZF,.
239,M08045_2.00,73,500,2514,27655,1.615867724952512e-05,0.6835240614007098,3.2751699237140577,0.00010622992385460739,True,A. thaliana,JASPAR,PIF3,bHLH,.
240,M06848_2.00,110,500,4244,27655,1.6973968656329462e-05,0.5196192095510953,2.4786961812177704,0.00011089191919692924,True,A. thaliana,OMalley2016,DOF3.2,Dof,.
241,M01616_2.00,73,500,2519,27655,1.718364863044532e-05,0.6806575890869764,3.2432548752087453,0.00011179978800302079,True,A. thaliana,Zoo_01,ERF4,AP2,ERF
242,M01626_2.00,65,500,2164,27655,1.745842185020579e-05,0.7323514661428399,3.484524626453949,0.00011312198748022686,True,A. thaliana,Zoo_01,CRF4,AP2,ERF
243,M02676_2.00,103,500,3914,27655,1.7795385766648502e-05,0.5415409234976148,2.5721529131237157,0.00011436790608565561,True,Zea mays,JASPAR,Dof3,Dof,.
244,M06810_2.00,85,500,3069,27655,1.7744393920218396e-05,0.6153064426124174,2.923283270483137,0.00011436790608565561,True,A. thaliana,OMalley2016,AT2G15740,C2H2 ZF,.
245,M01714_2.00,82,500,2936,27655,1.880710113305675e-05,0.6273841887160716,2.964815746038393,0.0001203806756735333,True,A. thaliana,Zoo_01,ILR3,bHLH,.
246,M06921_2.00,38,500,1037,27655,1.9274944828457502e-05,1.0191957715715603,4.805515050949209,0.00012287777328141657,True,A. thaliana,OMalley2016,PDF2,Homeodomain,HD-ZIP
247,M00887_2.00,42,500,1197,27655,1.9541174686692017e-05,0.9565784227764589,4.504574983650865,0.00012407468746851436,True,A. thaliana,Franco_Zorrilla2014,SPL1,SBP,.
248,M06601_2.00,46,500,1362,27655,2.0233579032769355e-05,0.9015194049861421,4.231666537446307,0.000127903703612556,True,A. thaliana,OMalley2016,ERF013,AP2,DREB
249,M09452_2.00,80,500,2851,27655,2.030602758175304e-05,0.6341442078906103,2.975642445413796,0.000127903703612556,True,A. thaliana,HOMER,PIF5,bHLH,.
250,1.PIF3.MEME,88,500,3223,27655,2.0857332947480428e-05,0.5947115825189525,2.7836910219490525,0.0001298245802754589,True,.,.,1.PIF3.MEME,.,.
251,1.PIF4.MEME,83,500,2991,27655,2.0789161692642986e-05,0.6180956731687731,2.8940247055344526,0.0001298245802754589,True,.,.,1.PIF4.MEME,.,.
252,M01606_2.00,82,500,2945,27655,2.0805498174847194e-05,0.6229685228414611,2.916627661309047,0.0001298245802754589,True,A. thaliana,Zoo_01,ERF11,AP2,ERF
253,M01756_2.00,78,500,2763,27655,2.1130321729987516e-05,0.642850808990957,3.005387889510887,0.0001310079947259226,True,P. patens,Zoo_01,e_gw1.209.40.1,bHLH,.
254,M06730_2.00,51,500,1574,27655,2.1428255049723748e-05,0.8416739534052097,3.92978679272073,0.00013233621575630173,True,A. thaliana,OMalley2016,AT2G22750,bHLH,.
255,M02476_2.00,46,500,1366,27655,2.1646459620500577e-05,0.8972886247081229,4.185504295181148,0.00013316362902728176,True,A. thaliana,Zoo_01,SPL7,SBP,.
256,M01710_2.00,97,500,3650,27655,2.1858801549547015e-05,0.5557005304735861,2.589772111041765,0.00013394870251873578,True,A. thaliana,Zoo_01,BIM1,bHLH,.
257,M07013_2.00,38,500,1044,27655,2.212113748800057e-05,1.0094899538149016,4.699370107247186,0.00013503288945377953,True,A. thaliana,OMalley2016,AT1G19000,Myb/SANT,MYB-related
258,M06623_2.00,47,500,1409,27655,2.22431621517835e-05,0.8836013923092014,4.111223626133453,0.0001352555360075758,True,A. thaliana,OMalley2016,PLT1,AP2,ANT
259,M11057_2.00,51,500,1577,27655,2.2450179507783658e-05,0.8389268341221858,3.8999864407012996,0.0001359913172482987,True,Zea mays,Transfac,MYBP_MAIZE,Myb/SANT,R2R3-MYB
260,M07198_2.00,125,500,5009,27655,2.339327977201222e-05,0.4649458253453859,2.1531217537290788,0.00014116326457844016,True,A. thaliana,OMalley2016,NAC047,NAC/NAM,.
261,M02280_2.00,64,500,2143,27655,2.3675966789525758e-05,0.7240523022646529,3.3492431433727883,0.00014232586879939249,True,Malus domestica,Zoo_01,MDP0000164819,Trihelix,MADF
262,M07384_2.00,73,500,2546,27655,2.3823695252387602e-05,0.6652762919198596,3.075566226871711,0.00014267144770463937,True,A. thaliana,OMalley2016,WRKY15,WRKY,.
263,M07126_2.00,49,500,1497,27655,2.3958690756675444e-05,0.8563197749979921,3.9566571340181556,0.0001429384531558637,True,A. thaliana,OMalley2016,AtMYB40,Myb/SANT,R2R3-MYB
264,M07379_2.00,72,500,2502,27655,2.4164139126439913e-05,0.6705273642176928,3.095709960788986,0.00014362219533421618,True,A. thaliana,OMalley2016,WRKY40,WRKY,.
265,M07151_2.00,59,500,1927,27655,2.4771058039772746e-05,0.7599706300073206,3.5004668569493407,0.00014617714116417718,True,A. thaliana,OMalley2016,MYB99,Myb/SANT,R2R3-MYB
266,M06869_2.00,105,500,4044,27655,2.4778920829854196e-05,0.5221466727043083,2.404964555812415,0.00014617714116417718,True,A. thaliana,OMalley2016,DOF5.8,Dof,.
267,M02292_2.00,80,500,2869,27655,2.4878293797875705e-05,0.6250642790598984,2.8779080821528398,0.0001462177787897453,True,A. thaliana,Zoo_01,PHL7,Myb/SANT,G2-like
268,M01709_2.00,97,500,3666,27655,2.5625058674820773e-05,0.5493902085884425,2.522434565600782,0.00015004895468478385,True,A. thaliana,Zoo_01,SPT,bHLH,.
269,M06570_2.00,51,500,1586,27655,2.5787407423442642e-05,0.8307167232087176,3.811820374657,0.00015044240271757495,True,A. thaliana,OMalley2016,ERF012,AP2,DREB
270,M01089_2.00,87,500,3197,27655,2.5952289217796327e-05,0.5899089040094084,2.705218603057958,0.00015084768107844114,True,A. thaliana,Stam_Arabidopsis,WRKY23,WRKY,.
271,M01687_2.00,61,500,2019,27655,2.6355778310841775e-05,0.7407805791726135,3.3921262430045065,0.0001520747646329958,True,Medicago truncatula,Zoo_01,MTR_4g101990,AT hook,.
272,M01629_2.00,79,500,2828,27655,2.629423764045361e-05,0.6276827803089046,2.874874643053752,0.0001520747646329958,True,A. thaliana,Zoo_01,ERF113,AP2,ERF
273,M02352_2.00,67,500,2285,27655,2.6483960599414527e-05,0.697579177453541,3.1928318007165877,0.00015225869711881588,True,C. sativa,Zoo_01,PK14402.1,Myb/SANT,G2-like
274,M08046_2.00,68,500,2330,27655,2.6582098631261613e-05,0.6908170386498974,3.160771694494573,0.00015226919542037903,True,A. thaliana,JASPAR,PIF4,bHLH,.
275,M01153_2.00,50,500,1547,27655,2.7124921447985042e-05,0.8380671452668896,3.82714383376735,0.00015481769245221787,True,C. sativa,TF_Evolution,PK00315.1,bZIP,.
276,M01164_2.00,89,500,3297,27655,2.778711234197763e-05,0.5782636962372111,2.6346599463750278,0.00015802670723980803,True,C. sativa,TF_Evolution,PK27149.1,bZIP,.
277,M07082_2.00,48,500,1465,27655,2.8044371210895848e-05,0.8577459883527466,3.9045920831481284,0.00015846943381432778,True,A. thaliana,OMalley2016,AtMYB10,Myb/SANT,R2R3-MYB
278,M06864_2.00,107,500,4155,27655,2.8466362557412452e-05,0.5103026616846406,2.3196664915886402,0.00015846943381432778,True,A. thaliana,OMalley2016,DOF5.1,Dof,.
279,M02305_2.00,71,500,2470,27655,2.829452465187404e-05,0.6689202299738423,3.0424482751208064,0.00015846943381432778,True,A. thaliana,Zoo_01,AT5G05090,Myb/SANT,G2-like
280,M01617_2.00,86,500,3158,27655,2.8123403523568067e-05,0.5909377357830614,2.689317523700595,0.00015846943381432778,True,A. thaliana,Zoo_01,ERF7,AP2,ERF
281,GATATTW-CCA1-DREME2,51,500,1592,27655,2.8255963001082543e-05,0.825269158369047,3.754058528373056,0.00015846943381432778,True,.,.,GATATTW-CCA1-DREME2,.,.
282,M02567_2.00,84,500,3066,27655,2.843146855928786e-05,0.5996438780611832,2.7261014225643536,0.00015846943381432778,True,A. thaliana,Zoo_01,WRKY2,WRKY,.
283,M00722_2.00,107,500,4157,27655,2.89958490128779e-05,0.509608390717975,2.312431735481482,0.0001594300780036205,True,A. thaliana,Chang2013,PIF3,bHLH,.
284,M02313_2.00,55,500,1765,27655,2.904940066701614e-05,0.7853756823073175,3.56314173540901,0.0001594300780036205,True,A. thaliana,Zoo_01,ARR18,Myb/SANT,ARR-B
285,M01698_2.00,66,500,2248,27655,2.914313253829622e-05,0.699436236078728,3.1722677071760352,0.0001594300780036205,True,A. thaliana,Zoo_01,BHLH13,bHLH,.
286,M01123_2.00,66,500,2248,27655,2.914313253829622e-05,0.699436236078728,3.1722677071760352,0.0001594300780036205,True,C. sativa,TF_Evolution,PK07858.1,bHLH,.
287,M01705_2.00,66,500,2248,27655,2.914313253829622e-05,0.699436236078728,3.1722677071760352,0.0001594300780036205,True,A. thaliana,Zoo_01,UNE10,bHLH,.
288,M02353_2.00,52,500,1637,27655,2.9320610157086125e-05,0.8130695486081391,3.6855035998329244,0.0001598478781322523,True,C. sativa,Zoo_01,PK17526.1,Myb/SANT,MYB-related
289,M01120_2.00,66,500,2249,27655,2.9511363855630625e-05,0.6987946105218372,3.165547076248864,0.0001603349355867767,True,C. sativa,TF_Evolution,PK05451.1,bHLH,.
290,M01825_2.00,53,500,1681,27655,2.9875308067621175e-05,0.8022848822682322,3.630088464621112,0.00016175637690037356,True,Oryza sativa,Zoo_01,LOC_Os05g36160,bZIP,.
291,M02312_2.00,57,500,1854,27655,3.0068874610269012e-05,0.7659329224804117,3.4634589280039845,0.0001622487739209396,True,A. thaliana,Zoo_01,KUA1,Myb/SANT,MYB-related
292,M07005_2.00,52,500,1640,27655,3.0658342629948255e-05,0.8104280555768465,3.657827582495704,0.00016427541998416094,True,A. thaliana,OMalley2016,MYB58,Myb/SANT,R2R3-MYB
293,M01250_2.00,55,500,1769,27655,3.075618236262596e-05,0.7821098177754017,3.5289323470733756,0.00016427541998416094,True,C. sativa,TF_Evolution,PK20392.1,Homeodomain,HD-ZIP
294,M07391_2.00,72,500,2522,27655,3.0661347520812105e-05,0.659040878055293,2.97452087383604,0.00016427541998416094,True,A. thaliana,OMalley2016,WRKY33,WRKY,.
295,M07311_2.00,45,500,1346,27655,3.090228346056725e-05,0.8868588386605583,3.9997417237471686,0.0001645000341789792,True,A. thaliana,OMalley2016,WIP5,C2H2 ZF,.
296,M01603_2.00,84,500,3076,27655,3.1630687207296284e-05,0.5949460717581343,2.6771926954153966,0.00016781247139172962,True,A. thaliana,Zoo_01,WIN1,AP2,DREB
297,M00873_2.00,67,500,2300,27655,3.191478399158349e-05,0.6881394815672355,3.093880676624678,0.00016839049887636394,True,A. thaliana,Franco_Zorrilla2014,ARR14,Myb/SANT,ARR-B
298,M01127_2.00,65,500,2211,27655,3.2059165187720144e-05,0.7013529401534293,3.151913631232116,0.00016839049887636394,True,C. sativa,TF_Evolution,PK18474.1,bHLH,.
299,M07022_2.00,56,500,1815,27655,3.197037244433494e-05,0.7710695261156918,3.4661520640554135,0.00016839049887636394,True,A. thaliana,OMalley2016,AT1G49010,Myb/SANT,MYB
300,M01631_2.00,72,500,2527,27655,3.251696997722045e-05,0.6561834894387376,2.9448792744677763,0.00017022956799332957,True,A. thaliana,Zoo_01,ERF2,AP2,ERF
301,M07024_2.00,57,500,1860,27655,3.2673658548132195e-05,0.7612715451105485,3.414913597588421,0.00017048532727589769,True,A. thaliana,OMalley2016,HHO6,Myb/SANT,G2-like
302,GBF2-MEME,83,500,3034,27655,3.317346409243333e-05,0.5975024980410918,2.676338671622209,0.0001719581860004495,True,.,.,GBF2-MEME,.,.
303,M07176_2.00,70,500,2438,27655,3.311492133787195e-05,0.667269043265955,2.989349481039344,0.0001719581860004495,True,A. thaliana,OMalley2016,NAC018,NAC/NAM,.
304,M06628_2.00,66,500,2259,27655,3.343361493229279e-05,0.6923940009065698,3.099028607160467,0.0001727403438168461,True,A. thaliana,OMalley2016,ERF011,AP2,DREB
305,M01701_2.00,78,500,2804,27655,3.358990391628839e-05,0.6216000217928257,2.7809087313190792,0.00017298253450049494,True,A. thaliana,Zoo_01,BIM2,bHLH,.
306,M07027_2.00,47,500,1435,27655,3.387690211072234e-05,0.8572222670557876,3.8318660934923883,0.0001738940981722468,True,A. thaliana,OMalley2016,MYB62,Myb/SANT,R2R3-MYB
307,M06862_2.00,101,500,3887,27655,3.434263679307728e-05,0.5232385273537982,2.3358238337441084,0.0001751474476446941,True,A. thaliana,OMalley2016,DOF4.7,Dof,.
308,M06907_2.00,39,500,1107,27655,3.4294204106488486e-05,0.9624311490218967,4.2970426446049625,0.0001751474476446941,True,A. thaliana,OMalley2016,ATHB-21,Homeodomain,HD-ZIP
309,M01158_2.00,89,500,3318,27655,3.445991745258427e-05,0.5691036969517349,2.539730968460262,0.00017518048068339463,True,C. sativa,TF_Evolution,PK18009.1,bZIP,.
310,M08404_2.00,74,500,2625,27655,3.525373193156292e-05,0.6408200951293028,2.853440452803862,0.0001786415069993621,True,A. thaliana,JASPAR,PIF1,bHLH,.
311,1.HSF1b-NS,150,500,6310,27655,3.588960535856902e-05,0.3948628375671699,1.7551776789586735,0.00018128263920734065,True,.,.,1.HSF1b-NS,.,.
312,M06892_2.00,42,500,1232,27655,3.631849265247776e-05,0.9149993190250594,4.062480025424637,0.00018286476714511892,True,A. thaliana,OMalley2016,ZIM,GATA,.
313,M01059_2.00,104,500,4038,27655,3.664402202492572e-05,0.5104829597508194,2.2645008088340095,0.00018382409183765894,True,A. thaliana,Stam_Arabidopsis,DPBF3,bZIP,.
314,M00876_2.00,73,500,2583,27655,3.6741564212966616e-05,0.6444610677032174,2.8580832412919497,0.00018382409183765894,True,A. thaliana,Franco_Zorrilla2014,MYB55,Myb/SANT,R2R3-MYB
315,M01264_2.00,60,500,2002,27655,3.7688291313300857e-05,0.7291327737137254,3.225532862803555,0.0001879658945310052,True,C. sativa,TF_Evolution,PK20543.1,Trihelix,MADF
316,M07417_2.00,77,500,2769,27655,3.793823631492091e-05,0.6211056392691715,2.74586012073569,0.00018861745790531433,True,A. thaliana,OMalley2016,WRKY18,WRKY,.
317,M07181_2.00,70,500,2450,27655,3.817555029211221e-05,0.6601854199962343,2.9168409233704935,0.00018869618044726723,True,A. thaliana,OMalley2016,NAC029,NAC/NAM,.
318,M01160_2.00,95,500,3612,27655,3.8217247598357416e-05,0.5407418677912902,2.3888573002125635,0.00018869618044726723,True,C. sativa,TF_Evolution,PK23964.1,bZIP,.
319,M02652_2.00,108,500,4236,27655,3.831212771889486e-05,0.4958690651123325,2.190086913808648,0.00018869618044726723,True,Pisum sativum,JASPAR,HMG-I Y,AT hook,.
320,M06702_2.00,122,500,4921,27655,3.8716112892700335e-05,0.4554699733739474,2.009582828265547,0.00019009370957564977,True,A. thaliana,OMalley2016,REM19,B3,REM
321,M06830_2.00,84,500,3097,27655,3.94432305468576e-05,0.5851301920452979,2.5769294696887015,0.00019306423372935562,True,A. thaliana,OMalley2016,DOF1.5,Dof,.
322,M06834_2.00,101,500,3910,27655,4.2541031892206125e-05,0.5147270274982806,2.249970654430874,0.00020694575822023965,True,A. thaliana,OMalley2016,DOF1.7,Dof,.
323,M02273_2.00,58,500,1923,27655,4.242591930246118e-05,0.7383063847288754,3.2281477559754292,0.00020694575822023965,True,Oryza sativa,Zoo_01,OS04G0486400,Trihelix,MADF
324,M07406_2.00,75,500,2688,27655,4.281102966268047e-05,0.625969704658321,2.7345138049852693,0.0002074063716700683,True,A. thaliana,OMalley2016,WRKY28,WRKY,.
325,M02328_2.00,52,500,1663,27655,4.289809205320198e-05,0.7903357017950237,3.4518401967241057,0.0002074063716700683,True,Oryza sativa,Zoo_01,NIGT1,Myb/SANT,G2-like
326,M07037_2.00,44,500,1326,27655,4.3973188964981264e-05,0.8760349954659099,3.8167198138787874,0.00021195613339522983,True,A. thaliana,OMalley2016,AT1G74840,Myb/SANT,MYB-related
327,1.ABF3-MEME,86,500,3203,27655,4.4802932183992e-05,0.5705251088686146,2.481038867967954,0.00021429648177871626,True,.,.,1.ABF3-MEME,.,.
328,M01711_2.00,77,500,2784,27655,4.4724645632081246e-05,0.6133114817873734,2.6675695206986387,0.00021429648177871626,True,A. thaliana,Zoo_01,BIM3,bHLH,.
329,M07140_2.00,55,500,1796,27655,4.486536082780207e-05,0.7602565157247131,3.305662867837399,0.00021429648177871626,True,A. thaliana,OMalley2016,MYB49,Myb/SANT,R2R3-MYB
330,M07057_2.00,58,500,1929,27655,4.593398111812244e-05,0.7338120040196692,3.1831780783902826,0.0002163935376050686,True,A. thaliana,OMalley2016,AT2G40260,Myb/SANT,G2-like
331,M10438_2.00,96,500,3679,27655,4.598875941511894e-05,0.5293329766893824,2.2959014896061345,0.0002163935376050686,True,Zea mays,Transfac,PBF,Dof,.
332,M01773_2.00,95,500,3631,27655,4.585039457159583e-05,0.5331728304719412,2.313253991869133,0.0002163935376050686,True,A. thaliana,Zoo_01,ABF1,bZIP,.
333,M02556_2.00,64,500,2195,27655,4.580285792572386e-05,0.68946321251848,2.991654943194517,0.0002163935376050686,True,A. thaliana,Zoo_01,WRKY23,WRKY,.
334,M07160_2.00,117,500,4695,27655,4.568891610362783e-05,0.4629237139834683,2.009176478284526,0.0002163935376050686,True,A. thaliana,OMalley2016,NAC002,NAC/NAM,.
335,M01700_2.00,97,500,3732,27655,4.830360484967537e-05,0.5236480082765694,2.260075516029089,0.0002266112737903168,True,A. thaliana,Zoo_01,BPE,bHLH,.
336,M10624_2.00,32,500,849,27655,4.905934996728788e-05,1.059847693388162,4.5671785715248125,0.00022947583520201818,True,A. thaliana,Transfac,HAT5,Homeodomain,HD-ZIP
337,M01267_2.00,48,500,1502,27655,4.96905652130277e-05,0.821761840148085,3.5366378492514072,0.0002317427244890761,True,A. thaliana,TF_Evolution,MYB124,Myb/SANT,R2R3-MYB
338,M06727_2.00,67,500,2338,27655,5.0495197970202484e-05,0.6644984128673167,2.855183502843729,0.00023480267056144154,True,A. thaliana,OMalley2016,BIM2,bHLH,.
339,M01826_2.00,89,500,3361,27655,5.288640665895749e-05,0.5505270405995965,2.354414738258498,0.0002439378644015533,True,Oryza sativa,Zoo_01,OS02G0728001,bZIP,.
340,M02303_2.00,63,500,2162,27655,5.292263598338569e-05,0.6885975527064667,2.944690019976133,0.0002439378644015533,True,A. thaliana,Zoo_01,MYB4,Myb/SANT,R2R3-MYB
341,M01702_2.00,69,500,2433,27655,5.312985440562301e-05,0.6494722887809405,2.776274106469932,0.0002441811041142151,True,A. thaliana,Zoo_01,AT2G18300,bHLH,.
342,M02296_2.00,68,500,2388,27655,5.3376889280033345e-05,0.6553441569267349,2.8000540755404497,0.0002446053969615441,True,A. thaliana,Zoo_01,ARR1,Myb/SANT,ARR-B
343,M07124_2.00,53,500,1722,27655,5.3615911489683035e-05,0.7675194641075557,3.2778502156880474,0.00024499062446586384,True,A. thaliana,OMalley2016,MYB92,Myb/SANT,R2R3-MYB
344,M07107_2.00,54,500,1767,27655,5.475073547033288e-05,0.7572696145530522,3.227187794290825,0.00024945508005359157,True,A. thaliana,OMalley2016,MYB39,Myb/SANT,R2R3-MYB
345,M01125_2.00,64,500,2210,27655,5.5003812032590646e-05,0.6796377826624067,2.8949899997172612,0.00024988800811357993,True,C. sativa,TF_Evolution,PK15505.1,bHLH,.
346,M02720_2.00,78,500,2852,27655,5.64660183220669e-05,0.5971123893595609,2.5366605165815526,0.0002554225124106712,True,Pisum sativum,JASPAR,HMG-1,HMGBox,.
347,M07043_2.00,41,500,1217,27655,5.6545148225006266e-05,0.8979069888455559,3.8139539039184176,0.0002554225124106712,True,A. thaliana,OMalley2016,MYB88,Myb/SANT,R2R3-MYB
348,M06630_2.00,52,500,1683,27655,5.695673004368173e-05,0.7730886937523436,3.281340134562387,0.0002565486900258143,True,A. thaliana,OMalley2016,DREB2F,AP2,DREB
349,M06852_2.00,93,500,3559,27655,5.7171603529488286e-05,0.5313710305394466,2.254511437417968,0.00025678495789807095,True,A. thaliana,OMalley2016,AT3G52440,Dof,.
350,M06815_2.00,54,500,1771,27655,5.781474130033885e-05,0.7540074423527549,3.1954544460504204,0.00025893797732531366,True,A. thaliana,OMalley2016,IDD2,C2H2 ZF,.
351,M01630_2.00,77,500,2811,27655,5.9774142344405144e-05,0.5993872392557589,2.5315040011046217,0.0002669573984364535,True,A. thaliana,Zoo_01,ERF096,AP2,ERF
352,M07416_2.00,77,500,2812,27655,6.041061571916488e-05,0.5988740985635665,2.526581992051793,0.0002690399533859146,True,A. thaliana,OMalley2016,WRKY18,WRKY,.
353,M07004_2.00,54,500,1775,27655,6.1032221979506216e-05,0.7507526298252624,3.16400252776406,0.00027104478356629026,True,A. thaliana,OMalley2016,HRS1,Myb/SANT,G2-like
354,M06698_2.00,49,500,1559,27655,6.13861667387428e-05,0.797773068358624,3.360163909203208,0.00027185302412871814,True,A. thaliana,OMalley2016,HMGB9,HMGBox,.
355,M07048_2.00,59,500,1996,27655,6.16883513730807e-05,0.7092154809657811,2.985653087926354,0.0002724281662593313,True,A. thaliana,OMalley2016,AtMYB70,Myb/SANT,R2R3-MYB
356,M01615_2.00,66,500,2311,27655,6.256119669366252e-05,0.6595610118320231,2.7725932963196347,0.0002755132366927032,True,A. thaliana,Zoo_01,ERF13,AP2,ERF
357,M07356_2.00,49,500,1561,27655,6.318863696182978e-05,0.7959234590784999,3.3423699431271343,0.0002775034306573691,True,A. thaliana,OMalley2016,BMY2,BES1,.
358,AYATATA-ATH1-DREME3,42,500,1267,27655,6.5120105536899e-05,0.8745850505791516,3.6612621947475295,0.00028519359239290116,True,.,.,AYATATA-ATH1-DREME3,.,.
359,2.ABF1-MEME,82,500,3055,27655,6.686560049391637e-05,0.5700637768531924,2.379900688393326,0.00029202904525105466,True,.,.,2.ABF1-MEME,.,.
360,M01775_2.00,44,500,1353,27655,6.756619993451894e-05,0.8469539316019605,3.5320270009216728,0.00029353626149845636,True,A. thaliana,Zoo_01,AT2G21230,bZIP,.
361,M02368_2.00,60,500,2048,27655,6.776770110495671e-05,0.696359032549719,2.903104962271642,0.00029353626149845636,True,A. thaliana,Zoo_01,NAC025,NAC/NAM,.
362,M01776_2.00,88,500,3339,27655,6.761201796243204e-05,0.5436996775153822,2.267214661809911,0.00029353626149845636,True,A. thaliana,Zoo_01,ABI5,bZIP,.
363,M01787_2.00,92,500,3532,27655,6.941952542555901e-05,0.5267607653497474,2.1905443138411007,0.00029823986330926305,True,A. thaliana,Zoo_01,BZIP63,bZIP,.
364,M06853_2.00,101,500,3964,27655,6.92398456887286e-05,0.494938672506507,2.0587686342644647,0.00029823986330926305,True,A. thaliana,OMalley2016,AT3G52440,Dof,.
365,M07333_2.00,109,500,4353,27655,6.93874676693515e-05,0.46985845693022615,1.9540092742996775,0.00029823986330926305,True,A. thaliana,OMalley2016,AT3G12130,C3H,.
366,CCACSK-bZIP60-1DREME,94,500,3628,27655,6.969293042494492e-05,0.5190985480903156,2.1577946970331703,0.0002986030433654144,True,.,.,CCACSK-bZIP60-1DREME,.,.
367,M01217_2.00,96,500,3726,27655,7.105666824082215e-05,0.5110189787207189,2.119908657941931,0.00030062445124381574,True,C. sativa,TF_Evolution,PK10955.1,Dof,.
368,M02362_2.00,43,500,1314,27655,7.080159068781346e-05,0.8559836313209687,3.5522952498265923,0.00030062445124381574,True,O. tauri,Zoo_01,1200010282,Myb/SANT,G2-like
369,M01771_2.00,87,500,3296,27655,7.051649754925832e-05,0.5459114056067105,2.266465441402928,0.00030062445124381574,True,A. thaliana,Zoo_01,ABF2,bZIP,.
370,M02306_2.00,68,500,2413,27655,7.111546158455857e-05,0.6403190779757888,2.6560665656518823,0.00030062445124381574,True,A. thaliana,Zoo_01,MYB33,Myb/SANT,R2R3-MYB
371,M07146_2.00,44,500,1356,27655,7.078677821383626e-05,0.8437585924421538,3.501638535588945,0.00030062445124381574,True,A. thaliana,OMalley2016,AT5G58900,Myb/SANT,MYB-related
372,M10439_2.00,94,500,3631,27655,7.16419000481349e-05,0.5179060738186306,2.146634136226873,0.00030204225060293676,True,Zea mays,Transfac,Dof3,Dof,.
373,M01779_2.00,98,500,3824,27655,7.222888492151135e-05,0.50331147307566,2.0843583122093614,0.0003037070932470996,True,A. thaliana,Zoo_01,GBF3,bZIP,.
374,M06818_2.00,58,500,1965,27655,7.306492977253838e-05,0.707135834922804,2.924919610134937,0.00030559696817561693,True,A. thaliana,OMalley2016,JKD,C2H2 ZF,.
375,M02478_2.00,43,500,1316,27655,7.30646177745014e-05,0.8537894179080567,3.531523093135552,0.00030559696817561693,True,Prunus persica,Zoo_01,PRUPE_ppa000682mg,SBP,.
376,M01133_2.00,90,500,3443,27655,7.365441411863309e-05,0.5318710677009597,2.198117397858332,0.0003064411282146287,True,A. thaliana,TF_Evolution,DPBF3,bZIP,.
377,M00886_2.00,59,500,2010,27655,7.35375841943543e-05,0.6991317002367509,2.889854340016171,0.0003064411282146287,True,A. thaliana,Franco_Zorrilla2014,anac058,NAC/NAM,.
378,1.PIF5,86,500,3255,27655,7.495726022280518e-05,0.5472913635903006,2.2576788328984687,0.0003110431191922703,True,.,.,1.PIF5,.,.
379,M06726_2.00,61,500,2102,27655,7.592509894676605e-05,0.6826588205419083,2.8122912667445275,0.0003142345063739192,True,A. thaliana,OMalley2016,BPE,bHLH,.
380,M00731_2.00,89,500,3400,27655,7.69048330158367e-05,0.5338828368825341,2.1964187452082053,0.0003174583315875661,True,A. thaliana,Chang2013,WRKY14,WRKY,.
381,M07159_2.00,53,500,1749,27655,7.742660447157994e-05,0.7450743175827469,3.0630823184737053,0.00031849699906644083,True,A. thaliana,OMalley2016,NAC002,NAC/NAM,.
382,M01708_2.00,80,500,2976,27655,7.755935777392772e-05,0.5722377207205315,2.352106354276421,0.00031849699906644083,True,A. thaliana,Zoo_01,BEE2,bHLH,.
383,M07137_2.00,43,500,1320,27655,7.778543764514564e-05,0.8494109773974825,3.4903160916213634,0.00031859786766055766,True,A. thaliana,OMalley2016,KUA1,Myb/SANT,MYB-related
384,M01845_2.00,92,500,3546,27655,7.904347277781696e-05,0.5210535720995247,2.1374315672914337,0.0003219949886398436,True,O. tauri,Zoo_01,300010311,bZIP,.
385,M00970_2.00,65,500,2286,27655,7.921364095775715e-05,0.6532265617551769,2.6790127910343506,0.0003219949886398436,True,A. thaliana,Lindemose2014,NAC002,NAC/NAM,.
386,M02677_2.00,95,500,3690,27655,7.92258384445915e-05,0.50991894432439,2.091245489435311,0.0003219949886398436,True,Zea mays,JASPAR,MNB1A,Dof,.
387,M01308_2.00,42,500,1280,27655,8.018737606965332e-05,0.8598577648325986,3.52188625767017,0.00032506728606697925,True,A. thaliana,TF_Evolution,SPL9,SBP,.
388,M07142_2.00,55,500,1840,27655,8.06908640059266e-05,0.7253380995214849,2.968936235557911,0.0003262717544587467,True,A. thaliana,OMalley2016,MYB80,Myb/SANT,R2R3-MYB
389,M02293_2.00,67,500,2380,27655,8.199507677730544e-05,0.6388117692036673,2.6103204596033236,0.00033014062412188995,True,A. thaliana,Zoo_01,ARR14,Myb/SANT,ARR-B
390,M07028_2.00,45,500,1408,27655,8.206531643257606e-05,0.8218899146335781,3.35811097776965,0.00033014062412188995,True,A. thaliana,OMalley2016,MYB62,Myb/SANT,R2R3-MYB
391,M07133_2.00,70,500,2519,27655,8.350994189778767e-05,0.6201160471519259,2.5289955981243146,0.000335099538427417,True,A. thaliana,OMalley2016,MYB23,Myb/SANT,R2R3-MYB
392,M07121_2.00,54,500,1799,27655,8.395087867470546e-05,0.7313764678531868,2.9810720185985367,0.0003360160485688844,True,A. thaliana,OMalley2016,SRM1,Myb/SANT,MYB
393,M00732_2.00,77,500,2844,27655,8.43086816991411e-05,0.5825492280166865,2.373379947369502,0.00033659602466248,True,A. thaliana,Chang2013,WRKY47,WRKY,.
394,M07114_2.00,61,500,2111,27655,8.461959787536269e-05,0.6764949111569306,2.7550451730135492,0.0003369863582895426,True,A. thaliana,OMalley2016,MYB73,Myb/SANT,R2R3-MYB
395,M02674_2.00,95,500,3699,27655,8.591002202816931e-05,0.5064044601481531,2.059018339055941,0.0003395593620663392,True,Zea mays,JASPAR,Dof2,Dof,.
396,M06695_2.00,52,500,1713,27655,8.587027817358106e-05,0.7475987189982936,3.0398538617968547,0.0003395593620663392,True,A. thaliana,OMalley2016,ARID3,ARID/BRIGHT,.
397,M07374_2.00,62,500,2157,27655,8.562236425076487e-05,0.6688542861676217,2.7205064744344183,0.0003395593620663392,True,A. thaliana,OMalley2016,WRKY71,WRKY,.
398,M01093_2.00,80,500,2988,27655,8.74695737152471e-05,0.5664320990393257,2.2986624520345003,0.00034486133676759516,True,A. thaliana,TF_Evolution,ERF119,AP2,ERF
399,M01050_2.00,68,500,2432,27655,8.79748633002649e-05,0.6290037647479545,2.55101370864038,0.00034599069372566867,True,A. thaliana,Stam_Arabidopsis,RAP2-3,AP2,ERF
400,M01095_2.00,74,500,2710,27655,8.930625903964632e-05,0.5948446663289162,2.4085963065872016,0.00035035532392476635,True,C. sativa,TF_Evolution,PK02330.1,AP2,ERF
401,M07424_2.00,58,500,1982,27655,9.030607291239112e-05,0.6947081848822844,2.8095965321076215,0.00035340074572893647,True,A. thaliana,OMalley2016,WRKY50,WRKY,.
402,M01622_2.00,54,500,1806,27655,9.195257033099253e-05,0.7257737616238108,2.9295394310937932,0.0003589555893661709,True,A. thaliana,Zoo_01,CRF2,AP2,ERF
403,1-MYC3-1MEME,86,500,3277,27655,9.25037902155891e-05,0.5375732341005386,2.168484668527734,0.00036000516121052095,True,.,.,1-MYC3-1MEME,.,.
404,M06930_2.00,51,500,1675,27655,9.267685048240483e-05,0.7519483986801987,3.0326294980891357,0.00036000516121052095,True,A. thaliana,OMalley2016,HAT2,Homeodomain,HD-ZIP
405,M01251_2.00,52,500,1719,27655,9.302629976263609e-05,0.7425543256042315,2.9935292410079537,0.00036047691158021483,True,C. sativa,TF_Evolution,PK20392.1,Homeodomain,HD-ZIP
406,M01938_2.00,62,500,2165,27655,9.407917095676302e-05,0.6635134377139884,2.6716411819583805,0.0003636654505688077,True,A. thaliana,Zoo_01,DOF1.5,Dof,.
407,M00890_2.00,55,500,1853,27655,9.534677911064677e-05,0.7151809844385943,2.875523873865272,0.0003676664823754452,True,A. thaliana,Franco_Zorrilla2014,YAB1,YABBY,.
408,M01081_2.00,57,500,1945,27655,9.918806033059669e-05,0.6968040112323879,2.7896831509461473,0.0003742633016292921,True,A. thaliana,Stam_Arabidopsis,RVE6,Myb/SANT,MYB-related
409,M07155_2.00,57,500,1945,27655,9.918806033059669e-05,0.6968040112323879,2.7896831509461473,0.0003742633016292921,True,A. thaliana,OMalley2016,MYB44,Myb/SANT,R2R3-MYB
410,M06602_2.00,38,500,1126,27655,9.767605615221134e-05,0.9004048383045564,3.6108141831024536,0.0003742633016292921,True,A. thaliana,OMalley2016,ERF008,AP2,DREB
411,M08431_2.00,64,500,2260,27655,9.896701226745878e-05,0.6473613796386505,2.5923648209333785,0.0003742633016292921,True,A. thaliana,JASPAR,BZR2,BES1,.
412,M06842_2.00,96,500,3763,27655,9.887193826003948e-05,0.49676336359447537,1.9895009836073694,0.0003742633016292921,True,A. thaliana,OMalley2016,DOF2.4,Dof,.
413,M07335_2.00,51,500,1680,27655,9.911372245941343e-05,0.7476482612465734,2.9934836120842987,0.0003742633016292921,True,A. thaliana,OMalley2016,AtIDD11,C2H2 ZF,.
414,M00718_2.00,59,500,2033,27655,9.749287290205739e-05,0.6827169864583092,2.738396355964344,0.0003742633016292921,True,A. thaliana,Chang2013,ERF15,AP2,ERF
415,M02270_2.00,46,500,1463,27655,9.839494531982667e-05,0.7983163388597265,3.1988752930243716,0.0003742633016292921,True,Medicago truncatula,Zoo_01,MTR_3g085960,Trihelix,MADF
416,M01281_2.00,62,500,2169,27655,9.858195349226077e-05,0.6608504096558018,2.647500616256671,0.0003742633016292921,True,C. sativa,TF_Evolution,PK21166.1,Myb/SANT,R2R3-MYB
417,M06772_2.00,71,500,2582,27655,0.00010020189649296076,0.6049422711386917,2.419239190588255,0.00037718856751278805,True,A. thaliana,OMalley2016,BZIP28,bZIP,.
418,M06755_2.00,54,500,1815,27655,0.00010323930073073212,0.7186021062215562,2.8644593397189757,0.0003876991317227731,True,A. thaliana,OMalley2016,ABF2,bZIP,.
419,ACGTGKV-ZAT6-DREME,85,500,3242,27655,0.00010406715423156173,0.5361909975613609,2.1354805515789432,0.0003889602147520073,True,.,.,ACGTGKV-ZAT6-DREME,.,.
420,M06799_2.00,62,500,2174,27655,0.00010448120540466466,0.6575285223007666,2.617595946498784,0.0003895867588320161,True,A. thaliana,OMalley2016,ZAT10,C2H2 ZF,.
421,M06752_2.00,67,500,2403,27655,0.00010589787933173702,0.6249366942691067,2.484193813090152,0.0003939401111140617,True,A. thaliana,OMalley2016,BZIP68,bZIP,.
422,M07136_2.00,41,500,1256,27655,0.00010628957829655216,0.8523996926676572,3.3870181197749427,0.00039446906874847175,True,A. thaliana,OMalley2016,KUA1,Myb/SANT,MYB-related
423,M07343_2.00,53,500,1774,27655,0.00010750486384542643,0.7245985972033357,2.875621621863591,0.0003980449408421995,True,A. thaliana,OMalley2016,BEH3,BES1,.
424,M07150_2.00,44,500,1384,27655,0.00010813581473568818,0.8142718279417731,3.2294268587152484,0.0003994456147129043,True,A. thaliana,OMalley2016,AT5G61620,Myb/SANT,MYB-related
425,1-MYC2-1MEME,93,500,3632,27655,0.0001114372835864718,0.502078760758317,1.9847020192841989,0.0004106814576928016,True,.,.,1-MYC2-1MEME,.,.
426,M01781_2.00,92,500,3586,27655,0.00011353353984461818,0.5048706201298385,1.991651902151385,0.0004174337825449799,True,A. thaliana,Zoo_01,GBF2,bZIP,.
427,1.FDP-MEME,76,500,2827,27655,0.00011393805308130352,0.5723397825536105,2.2569253248823737,0.00041794909958594174,True,.,.,1.FDP-MEME,.,.
428,M06844_2.00,90,500,3492,27655,0.000115598904470158,0.511483689641435,2.0137349584535844,0.000423059879553981,True,A. thaliana,OMalley2016,DOF2.5,Dof,.
429,M07010_2.00,47,500,1518,27655,0.00011660167029148839,0.7761012132033716,3.0526351986220326,0.0004257442049211158,True,A. thaliana,OMalley2016,MYB51,Myb/SANT,R2R3-MYB
430,M02561_2.00,61,500,2140,27655,0.00011903569593864988,0.6568106932155776,2.5775371685678365,0.00043192259853851704,True,A. thaliana,Zoo_01,WRKY62,WRKY,.
431,M07079_2.00,33,500,934,27655,0.00011938657530761035,0.9665838165899919,3.791951330954958,0.00043192259853851704,True,A. thaliana,OMalley2016,PHL12,Myb/SANT,G2-like
432,M06909_2.00,61,500,2140,27655,0.00011903569593864988,0.6568106932155776,2.5775371685678365,0.00043192259853851704,True,A. thaliana,OMalley2016,ATHB-6,Homeodomain,HD-ZIP
433,M06816_2.00,57,500,1960,27655,0.00011916863678772026,0.6857205121033716,2.6906562224338293,0.00043192259853851704,True,A. thaliana,OMalley2016,IDD2,C2H2 ZF,.
434,M02299_2.00,58,500,2006,27655,0.00012084372471931697,0.677343541456592,2.6536802007762565,0.0004361961844320551,True,A. thaliana,Zoo_01,F3A4.140,Myb/SANT,R2R3-MYB
435,M02269_2.00,56,500,1917,27655,0.000121676994741354,0.692188737330654,2.7097746028198904,0.0004382034822006394,True,G. max,Zoo_01,GLYMA11G37390,Trihelix,MADF
436,M02683_2.00,36,500,1057,27655,0.00012205142178486028,0.9136337770008297,3.575466643565789,0.0004385529496406002,True,A. thaliana,JASPAR,HAT5,Homeodomain,HD-ZIP
437,M01058_2.00,89,500,3452,27655,0.00012414661903235646,0.5119851187286432,1.9998472057155803,0.0004450698519051147,True,A. thaliana,Stam_Arabidopsis,DPBF3,bZIP,.
438,M01778_2.00,84,500,3214,27655,0.00012493820175081836,0.531631646044867,2.0751203288281777,0.0004468943370317734,True,A. thaliana,Zoo_01,BZIP17,bZIP,.
439,M07207_2.00,51,500,1698,27655,0.00012571652368877027,0.7322730353596574,2.8563097937944586,0.00044866325948520494,True,A. thaliana,OMalley2016,NAC055,NAC/NAM,.
440,M07358_2.00,73,500,2697,27655,0.00012618700972362025,0.5821531895856141,2.26980675827893,0.00044932806840775595,True,A. thaliana,OMalley2016,EMB1789,Unknown,.
441,M06694_2.00,52,500,1743,27655,0.00012727282082666054,0.7225513009566074,2.814528309388196,0.0004521760218583153,True,A. thaliana,OMalley2016,ARID6,ARID/BRIGHT,.
442,M00972_2.00,76,500,2839,27655,0.00012840225520220386,0.5662288166603944,2.2034383026259152,0.00045516584187148946,True,A. thaliana,Lindemose2014,NAC019,NAC/NAM,.
443,M07380_2.00,70,500,2560,27655,0.0001293798898153023,0.5968233589988047,2.320528730419495,0.0004576053820984182,True,A. thaliana,OMalley2016,WRKY40,WRKY,.
444,2.FBH3-MEME,74,500,2747,27655,0.00013050965798368905,0.575280607494294,2.2345954551410547,0.0004605709135540455,True,.,.,2.FBH3-MEME,.,.
445,M01280_2.00,53,500,1792,27655,0.0001352126312843325,0.7100339694467954,2.747109169484204,0.0004761050558140973,True,C. sativa,TF_Evolution,PK19621.1,Myb/SANT,MYB-related
446,M09540_2.00,56,500,1926,27655,0.00013575573288792433,0.6854313711553455,2.6507288641911813,0.00047695514154624086,True,A. thaliana,HOMER,FHY3,FAR1,.
447,M06765_2.00,58,500,2017,27655,0.00013769040371745743,0.6694540634558113,2.584826625292991,0.00047850884607333064,True,A. thaliana,OMalley2016,BZIP16,bZIP,.
448,M06859_2.00,70,500,2566,27655,0.00013771127448663215,0.5934459987964847,2.2913131028772447,0.00047850884607333064,True,A. thaliana,OMalley2016,DOF4.5,Dof,.
449,M07418_2.00,60,500,2107,27655,0.0001371504307274808,0.6553844337324128,2.531620841515511,0.00047850884607333064,True,A. thaliana,OMalley2016,WRKY26,WRKY,.
450,M07419_2.00,71,500,2612,27655,0.00013708293356786804,0.5882763748994517,2.272521407661712,0.00047850884607333064,True,A. thaliana,OMalley2016,WRKY26,WRKY,.
451,M02355_2.00,45,500,1443,27655,0.00013664788702904014,0.786465948779677,3.0392167154852245,0.00047850884607333064,True,C. sativa,Zoo_01,PK23829.1,Myb/SANT,MYB-related
452,M02377_2.00,65,500,2336,27655,0.000138759445624446,0.6220116910896379,2.3995577912798187,0.0004800408830027333,True,A. lyrata,Zoo_01,ANAC100,NAC/NAM,.
453,M07006_2.00,45,500,1444,27655,0.00013859498571923353,0.7854665063837042,3.030528097739931,0.0004800408830027333,True,A. thaliana,OMalley2016,MYB58,Myb/SANT,R2R3-MYB
454,M06854_2.00,122,500,5085,27655,0.00014050352708319918,0.40817371575922423,1.5724128190082978,0.0004850132670710435,True,A. thaliana,OMalley2016,OBP3,Dof,.
455,M01201_2.00,55,500,1885,27655,0.00014203184200436042,0.6904793423098334,2.656698177910528,0.0004892207891261303,True,O. tauri,TF_Evolution,CEG01538.1,C2H2 ZF,.
456,M01783_2.00,97,500,3855,27655,0.00014378614720679704,0.4768661343259314,1.8322546188714388,0.0004941867363781438,True,A. thaliana,Zoo_01,GBF1,bZIP,.
457,M06835_2.00,105,500,4246,27655,0.0001441264303243844,0.4518252987019455,1.735576806628722,0.0004942817491168151,True,A. thaliana,OMalley2016,DOF1.8,Dof,.
458,M02482_2.00,41,500,1276,27655,0.00014452033450172442,0.8296078277944149,3.1857529956468906,0.0004945598459896673,True,C. sativa,Zoo_01,PK06791.1,SBP,.
459,M06572_2.00,63,500,2249,27655,0.0001459227259396351,0.6316804146633002,2.4230484156559475,0.000498280409742037,True,A. thaliana,OMalley2016,ERF019,AP2,DREB
460,M06924_2.00,31,500,865,27655,0.00014645710147741185,0.9871084248039887,3.7848595329536847,0.0004990273220598883,True,A. thaliana,OMalley2016,HB-5,Homeodomain,HD-ZIP
461,M01052_2.00,62,500,2204,27655,0.00014698479627921627,0.6377562387569182,2.444345928921984,0.0004997483073493353,True,A. thaliana,Stam_Arabidopsis,BHLH49,bHLH,.
462,M01827_2.00,76,500,2855,27655,0.0001502340339943131,0.5581209201345809,2.13382557820823,0.0005096995874356416,True,Oryza sativa,Zoo_01,OS02G0728001,bZIP,.
463,M07099_2.00,44,500,1408,27655,0.00015313623640875952,0.7894684369412006,3.0117605325965306,0.0005184333827885413,True,A. thaliana,OMalley2016,AtMYB17,Myb/SANT,R2R3-MYB
464,M01071_2.00,66,500,2394,27655,0.00015787220105116618,0.6086551193561519,2.3139207198731624,0.0005333246791920806,True,A. thaliana,Stam_Arabidopsis,AtMYB70,Myb/SANT,R2R3-MYB
465,M00721_2.00,54,500,1853,27655,0.0001657297842189494,0.6887087730774033,2.6037319984419325,0.0005586754559704883,True,A. thaliana,Chang2013,ERF5,AP2,ERF
466,M07105_2.00,37,500,1117,27655,0.00016626101379999816,0.8735083320868353,3.3011710530362532,0.000559273750676164,True,A. thaliana,OMalley2016,AtMYB74,Myb/SANT,R2R3-MYB
467,M06767_2.00,50,500,1677,27655,0.0001693032960376437,0.721657653151579,2.721612467201627,0.0005682983249161671,True,A. thaliana,OMalley2016,ABI5,bZIP,.
468,M02357_2.00,61,500,2172,27655,0.00017104893006525434,0.6353973866997252,2.393465478024644,0.0005729414373584049,True,C. sativa,Zoo_01,PK28565.1,Myb/SANT,R2R3-MYB
469,M01944_2.00,86,500,3345,27655,0.00017247805391969154,0.5079426961144751,1.9115235577983545,0.0005765069836089478,True,A. thaliana,Zoo_01,CDF3,Dof,.
470,M01777_2.00,40,500,1246,27655,0.00017410226064570696,0.828308178804561,3.1137724526846338,0.0005804104909442409,True,A. thaliana,Zoo_01,BZIP18,bZIP,.
471,M06728_2.00,56,500,1947,27655,0.00017438012852530956,0.6697861902785097,2.5173934099272213,0.0005804104909442409,True,A. thaliana,OMalley2016,BIM2,bHLH,.
472,M07381_2.00,68,500,2497,27655,0.00017610965988229435,0.5909511722633279,2.2185588316951113,0.0005849356560376205,True,A. thaliana,OMalley2016,WRKY3,WRKY,.
473,M01847_2.00,50,500,1681,27655,0.00017816014487600623,0.7182206174797579,2.6927451566671228,0.0005905056374192157,True,O. tauri,Zoo_01,estExt_fgenesh1_pg.C_Chr_04.00010098,bZIP,.
474,M07095_2.00,60,500,2131,27655,0.00018003721316547821,0.6390441547670155,2.3929888455477446,0.000594235561617163,True,A. thaliana,OMalley2016,F3A4.140,Myb/SANT,R2R3-MYB
475,M06735_2.00,60,500,2131,27655,0.00018003721316547821,0.6390441547670155,2.3929888455477446,0.000594235561617163,True,A. thaliana,OMalley2016,BHLH34,bHLH,.
476,M01848_2.00,93,500,3692,27655,0.00018683329132084496,0.47844041040345764,1.783886951875229,0.0006153821532880331,True,O. tauri,Zoo_01,fgenesh1_pg.C_Chr_07.0001000033,bZIP,.
477,M02649_2.00,66,500,2411,27655,0.00018877072169762787,0.598446620697128,2.2286543322242216,0.0006191836327882773,True,A. thaliana,JASPAR,RAV1,AP2,B3
478,M09748_2.00,66,500,2411,27655,0.00018877072169762787,0.598446620697128,2.2286543322242216,0.0006191836327882773,True,A. thaliana,Transfac,RAV1,AP2,B3
479,M06850_2.00,103,500,4182,27655,0.00018920723461318095,0.4459916175348397,1.6604545602950063,0.0006193305132990458,True,A. thaliana,OMalley2016,CDF3,Dof,.
480,M07394_2.00,55,500,1910,27655,0.00019162372570282472,0.671471227542749,2.4962283455349916,0.0006259444428433179,True,A. thaliana,OMalley2016,WRKY43,WRKY,.
481,M07132_2.00,33,500,961,27655,0.00019301607528042123,0.9254699355259037,3.437571562037852,0.0006291926082852494,True,A. thaliana,OMalley2016,PHL1,Myb/SANT,G2-like
482,M01277_2.00,59,500,2092,27655,0.00019370565666582715,0.6414443500561005,2.3815915920874535,0.0006301412411289563,True,C. sativa,TF_Evolution,PK07741.1,Myb/SANT,R2R3-MYB
483,M06612_2.00,48,500,1600,27655,0.00019537697760221485,0.730574747887632,2.70979424019745,0.0006316789398550136,True,A. thaliana,OMalley2016,ERF13,AP2,ERF
484,M07302_2.00,80,500,3072,27655,0.0001951303723454154,0.5264340311074067,1.952899231065263,0.0006316789398550136,True,A. thaliana,OMalley2016,NFYB4,NF-YB,.
485,M06597_2.00,61,500,2184,27655,0.0001952308546109648,0.6274486335842342,2.327490303017715,0.0006316789398550136,True,A. thaliana,OMalley2016,DREB2D,AP2,DREB
486,M02366_2.00,67,500,2463,27655,0.00020007537472465378,0.5893567149000118,2.179916365991175,0.0006455493213054646,True,O. tauri,Zoo_01,estExt_fgenesh1_pg.C_Chr_13.00010057,Myb/SANT,MYB-related
487,M06742_2.00,24,500,609,27655,0.00020396509211280568,1.1241325197560244,4.148548286015493,0.0006527708717213478,True,A. thaliana,OMalley2016,BHLH28,bHLH,.
488,M07049_2.00,61,500,2188,27655,0.00020393810567255488,0.62480875171153,2.3058577097953967,0.0006527708717213478,True,A. thaliana,OMalley2016,AtMYB81,Myb/SANT,R2R3-MYB
489,M07021_2.00,53,500,1825,27655,0.00020284819877902465,0.6837081428496576,2.5248171510154074,0.0006527708717213478,True,A. thaliana,OMalley2016,AtMYB93,Myb/SANT,R2R3-MYB
490,M01119_2.00,55,500,1915,27655,0.00020320330859795895,0.6676994736535408,2.4651926782641285,0.0006527708717213478,True,C. sativa,TF_Evolution,PK03576.1,bHLH,.
491,M06605_2.00,49,500,1648,27655,0.00020539142051646545,0.7176777538731904,2.646377653562182,0.0006546851528962337,True,A. thaliana,OMalley2016,ERF15,AP2,ERF
492,M07007_2.00,49,500,1648,27655,0.00020539142051646545,0.7176777538731904,2.646377653562182,0.0006546851528962337,True,A. thaliana,OMalley2016,MYB52,Myb/SANT,R2R3-MYB
493,M01832_2.00,90,500,3559,27655,0.00020733526006178057,0.4840653157610897,1.7829707670441204,0.0006595514007196683,True,P. patens,Zoo_01,estExt_Genewise1.C_2060077,bZIP,.
494,M07147_2.00,69,500,2560,27655,0.00020806303971122384,0.5760647988320072,2.1209582917730354,0.0006605374814928612,True,A. thaliana,OMalley2016,AT5G58900,Myb/SANT,MYB-related
495,M07038_2.00,36,500,1090,27655,0.00021029836203702954,0.8692810187192241,3.1964889634646476,0.0006662960127866608,True,A. thaliana,OMalley2016,AT1G74840,Myb/SANT,MYB-related
496,M01098_2.00,26,500,687,27655,0.00021072937638337067,1.0657418662641924,3.9179600920746718,0.000666326288124218,True,C. sativa,TF_Evolution,PK08602.1,AP2,DREB
497,BACGTG-RD26-DREME,93,500,3709,27655,0.00021519468259238408,0.4718126955462222,1.730216638108173,0.0006790874115340503,True,.,.,BACGTG-RD26-DREME,.,.
498,M06778_2.00,56,500,1967,27655,0.0002199014312090066,0.6550421167202746,2.3959946767189337,0.0006925580931104371,True,A. thaliana,OMalley2016,DPBF3,bZIP,.
499,M07052_2.00,54,500,1877,27655,0.00022067139283839208,0.6701430042737948,2.4502130156836115,0.0006936013361381667,True,A. thaliana,OMalley2016,MYB101,Myb/SANT,R2R3-MYB
500,M01062_2.00,99,500,4006,27655,0.00022225095786623352,0.45087835120810243,1.6471291156771235,0.0006960822230983918,True,A. thaliana,Stam_Arabidopsis,DOF1.8,Dof,.
501,M07106_2.00,47,500,1566,27655,0.00022234125405736104,0.7311887913277973,2.6710179937595364,0.0006960822230983918,True,A. thaliana,OMalley2016,MYB39,Myb/SANT,R2R3-MYB
502,M06771_2.00,58,500,2059,27655,0.00022282626209752055,0.6397213174365186,2.3362837618659262,0.0006962219770280237,True,A. thaliana,OMalley2016,GBF3,bZIP,.
503,M01047_2.00,76,500,2898,27655,0.00022615989194970073,0.5365540708278567,1.956053156809098,0.0007038558841977892,True,A. thaliana,Stam_Arabidopsis,ERF118,AP2,ERF
504,M06849_2.00,93,500,3715,27655,0.0002260811315677089,0.46948075262327327,1.7116027317501343,0.0007038558841977892,True,A. thaliana,OMalley2016,CDF3,Dof,.
505,M07408_2.00,45,500,1480,27655,0.00022720777081261783,0.749940072754563,2.7324642649145767,0.0007054475661815051,True,A. thaliana,OMalley2016,WRKY31,WRKY,.
506,M02329_2.00,56,500,1970,27655,0.00022756373102629195,0.6528434446550659,2.3782413962084226,0.0007054475661815051,True,Oryza sativa,Zoo_01,PHR1,Myb/SANT,G2-like
507,M02657_2.00,62,500,2245,27655,0.0002296959419507069,0.6111650176995663,2.223935794022875,0.000709275945750132,True,A. thaliana,JASPAR,TGA1,bZIP,.
508,M02697_2.00,66,500,2430,27655,0.00022954154126593105,0.5871219578065108,2.1366182421469433,0.000709275945750132,True,Antirrhinum majus,JASPAR,squamosa,MADS box,.
509,M07023_2.00,43,500,1395,27655,0.0002334635310586658,0.7696837849267484,2.7953229077767903,0.0007195045664790461,True,A. thaliana,OMalley2016,AT1G49010,Myb/SANT,MYB
510,M10440_2.00,85,500,3332,27655,0.0002343641025151213,0.4966866877133548,1.8030267697151217,0.0007208747978140209,True,Zea mays,Transfac,MNB1A,Dof,.
511,M08144_2.00,106,500,4362,27655,0.00024213388056517086,0.4266148368636492,1.5426155463903122,0.0007433275051913304,True,A. thaliana,JASPAR,AP1,MADS box,.
512,M02000_2.00,58,500,2067,27655,0.00024349623301994644,0.634126758643325,2.291421958805492,0.0007460611325669289,True,A. thaliana,Zoo_01,GATA8,GATA,.
513,M02372_2.00,79,500,3049,27655,0.00024403711597686083,0.5191287501085551,1.8753755117176303,0.0007462721090124119,True,A. thaliana,Zoo_01,NAC078,NAC/NAM,.
514,M06881_2.00,17,500,363,27655,0.00024606906758421884,1.3731055401957892,4.955459595131603,0.0007510331966228764,True,A. thaliana,OMalley2016,FAR1,FAR1,.
515,1.FD-MEME,66,500,2438,27655,0.000248912680372334,0.582380145679442,2.098870660664116,0.0007582484540821966,True,.,.,1.FD-MEME,.,.
516,M08425_2.00,68,500,2532,27655,0.0002505950510825816,0.5708695887631987,2.0557170937546134,0.0007596562375880119,True,A. thaliana,JASPAR,SOC1,MADS box,.
517,M01122_2.00,55,500,1933,27655,0.00025016215184614114,0.6542022282546245,2.356291452363796,0.0007596562375880119,True,C. sativa,TF_Evolution,PK06517.1,bHLH,.
518,M06581_2.00,54,500,1888,27655,0.0002508162909683379,0.6617128897428278,2.382592717372868,0.0007596562375880119,True,A. thaliana,OMalley2016,ERF014,AP2,DREB
519,M00867_2.00,44,500,1445,27655,0.00025500767136818687,0.7520462781904564,2.7024382576240855,0.0007708740505413068,True,A. thaliana,Franco_Zorrilla2014,ATHB-51,Homeodomain,HD-ZIP
520,M06911_2.00,38,500,1187,27655,0.0002562998913553673,0.8242917307428793,2.9602389786898797,0.0007733017714367094,True,A. thaliana,OMalley2016,ATHB-7,Homeodomain,HD-ZIP
521,M07060_2.00,35,500,1061,27655,0.0002575507660227702,0.8675425129714024,3.1137290660470436,0.0007755957353942851,True,A. thaliana,OMalley2016,MYB57,Myb/SANT,R2R3-MYB
522,M06770_2.00,77,500,2961,27655,0.0002607297850620184,0.5243862024585481,1.879300177152469,0.0007836764071921124,True,A. thaliana,OMalley2016,GBF3,bZIP,.
523,M06893_2.00,42,500,1360,27655,0.0002617786850007638,0.7723949235822591,2.7667693766958723,0.0007853360550022914,True,A. thaliana,OMalley2016,GATA19,GATA,.
524,M01161_2.00,83,500,3249,27655,0.0002627335121255944,0.498727839958642,1.7856873149785026,0.000786707732330615,True,C. sativa,TF_Evolution,PK24205.1,bZIP,.
525,M06829_2.00,101,500,4127,27655,0.0002652206901172039,0.4368021966859608,1.5621761435515324,0.0007926538961725885,True,A. thaliana,OMalley2016,DOF1.5,Dof,.
526,M06788_2.00,52,500,1803,27655,0.0002662444236462966,0.673724473649951,2.408375999795568,0.0007942121392165943,True,A. thaliana,OMalley2016,TGA4,bZIP,.
527,M01644_2.00,56,500,1985,27655,0.0002695076412443347,0.6419000669684843,2.2912166608113185,0.0008024323555692903,True,O. tauri,Zoo_01,100010458,AP2,ERF
528,M07387_2.00,68,500,2541,27655,0.00027375416660218243,0.5657506181381854,2.0155653647015623,0.0008135438672895685,True,A. thaliana,OMalley2016,WRKY25,WRKY,.
529,M02483_2.00,38,500,1192,27655,0.000276045188899212,0.8182274299226242,2.9120876384259784,0.000815752231120849,True,C. sativa,Zoo_01,PK22320.1,SBP,.
530,M02295_2.00,56,500,1987,27655,0.00027558359371727937,0.6404472017491344,2.2798297750314362,0.000815752231120849,True,A. thaliana,Zoo_01,PHL6,Myb/SANT,G2-like
531,M01056_2.00,78,500,3015,27655,0.0002759898699683312,0.5169283690160018,1.8398033033337617,0.000815752231120849,True,A. thaliana,Stam_Arabidopsis,ABF4,bZIP,.
532,M06666_2.00,36,500,1108,27655,0.00027879731181004003,0.8456512723343245,3.006046233465626,0.0008222316872932773,True,A. thaliana,OMalley2016,RAP2-11,AP2,ERF
533,M01090_2.00,80,500,3112,27655,0.0002792779355322517,0.507770186842371,1.804596646729846,0.0008222316872932773,True,A. thaliana,Stam_Arabidopsis,WRKY53,WRKY,.
534,M07377_2.00,49,500,1673,27655,0.00028033709422348494,0.695956551018056,2.4722599804001835,0.0008226106990555441,True,A. thaliana,OMalley2016,WRKY6,WRKY,.
535,M07357_2.00,45,500,1496,27655,0.0002804472908228579,0.7344270733832384,2.608794211423336,0.0008226106990555441,True,A. thaliana,OMalley2016,BMY2,BES1,.
536,M02547_2.00,88,500,3499,27655,0.000282246140610531,0.4761731063386483,1.6901154849997464,0.0008248265218211637,True,A. thaliana,Zoo_01,WRKY57,WRKY,.
537,M07215_2.00,96,500,3889,27655,0.0002817636276710149,0.4492474182281485,1.5948800295449148,0.0008248265218211637,True,A. thaliana,OMalley2016,NAC68,NAC/NAM,.
538,M02360_2.00,45,500,1497,27655,0.00028410966473112973,0.7334630272124585,2.6012368888924366,0.0008287405533946792,True,O. tauri,Zoo_01,600010132,Myb/SANT,MYB-related
539,M06662_2.00,52,500,1809,27655,0.0002856481706372745,0.6689314624610517,2.370805853317,0.0008314274330477169,True,A. thaliana,OMalley2016,DREB2G,AP2,DREB
540,M07392_2.00,57,500,2036,27655,0.0002860825576078166,0.630836605030247,2.2353749478806693,0.0008314274330477169,True,A. thaliana,OMalley2016,WRKY55,WRKY,.
541,M06824_2.00,46,500,1542,27655,0.00028764890319962175,0.7224433430831791,2.558271053140612,0.000834445717355233,True,A. thaliana,OMalley2016,IDD1,C2H2 ZF,.
542,M02559_2.00,80,500,3119,27655,0.0002969105616578233,0.504528694454411,1.7796615774088056,0.0008597355274377631,True,A. thaliana,Zoo_01,WRKY11,WRKY,.
543,M07179_2.00,66,500,2456,27655,0.00029784352133859686,0.5717677109294748,2.0160597197197396,0.0008608603422967489,True,A. thaliana,OMalley2016,anac028,NAC/NAM,.
544,M07364_2.00,91,500,3652,27655,0.000299037149163445,0.4627920271556745,1.6310063049742018,0.0008627330891011068,True,A. thaliana,OMalley2016,AT5G63260,C3H,.
545,M00866_2.00,41,500,1328,27655,0.00030586694002268834,0.7719810102123597,2.713102141436548,0.000880410550949406,True,A. thaliana,Franco_Zorrilla2014,WOX13,Homeodomain,HD-WOX
546,M06591_2.00,52,500,1815,27655,0.00030627818027967953,0.6641543221991797,2.3337612077101766,0.000880410550949406,True,A. thaliana,OMalley2016,ERF118,AP2,ERF
547,M01279_2.00,71,500,2695,27655,0.0003094851905102468,0.5431459988060147,1.9060949118992974,0.0008832059317629968,True,C. sativa,TF_Evolution,PK12011.1,Myb/SANT,MYB3R
548,M01768_2.00,83,500,3268,27655,0.00030912337574797485,0.4903156001424418,1.7209431096498562,0.0008832059317629968,True,C. sativa,Zoo_01,PK18474.1,bHLH,.
549,M02475_2.00,42,500,1372,27655,0.0003083436618754122,0.7597210935471485,2.667354149634506,0.0008832059317629968,True,A. thaliana,Zoo_01,SPL12,SBP,.
550,M01080_2.00,53,500,1861,27655,0.00030913225863683986,0.6555265514452484,2.300803585378783,0.0008832059317629968,True,A. thaliana,Stam_Arabidopsis,AT4G09450,Myb/SANT,MYB-related
551,M02672_2.00,96,500,3903,27655,0.0003142581257296445,0.44406319022340535,1.5554261241451024,0.0008952109851866091,True,Zea mays,JASPAR,id1,C2H2 ZF,.
552,M10630_2.00,48,500,1638,27655,0.00031507280534434927,0.6967112960213481,2.439596666172526,0.0008959174554845615,True,A. thaliana,Transfac,ATHB-5,Homeodomain,HD-ZIP
553,M06764_2.00,58,500,2091,27655,0.00031596514302210336,0.6174720854791935,2.161375098973724,0.0008968418152925412,True,A. thaliana,OMalley2016,BZIP16,bZIP,.
554,M07410_2.00,65,500,2418,27655,0.0003246267597377967,0.5722377207205317,1.9963174869849658,0.0009197758192570906,True,A. thaliana,OMalley2016,WRKY29,WRKY,.
555,M02474_2.00,42,500,1376,27655,0.00032539059090398194,0.7555211050178628,2.6349516353661615,0.0009202907410003497,True,A. thaliana,Zoo_01,SPL5,SBP,.
556,M07259_2.00,32,500,951,27655,0.00032629658677564176,0.896166906080637,3.1243850716034665,0.0009212051851648029,True,A. thaliana,OMalley2016,SPL1,SBP,.
557,M06805_2.00,61,500,2233,27655,0.0003282162943329318,0.5954382386816133,2.074411471368494,0.0009240725126023056,True,A. thaliana,OMalley2016,SGR5,C2H2 ZF,.
558,M01946_2.00,93,500,3762,27655,0.00032965015629835573,0.45134311452603676,1.5715526745133654,0.0009240725126023056,True,A. thaliana,Zoo_01,CDF2,Dof,.
559,ACGTGB-ANAC102-DREME,94,500,3811,27655,0.0003296460621163349,0.4481033958066697,1.560274563577816,0.0009240725126023056,True,.,.,ACGTGB-ANAC102-DREME,.,.
560,M07339_2.00,47,500,1597,27655,0.00032893899051393924,0.7029086912076052,2.448149887250892,0.0009240725126023056,True,A. thaliana,OMalley2016,AT3G42860,Unknown,.
561,M02330_2.00,53,500,1867,27655,0.00033092642628166,0.6508826792781977,2.265246518867845,0.0009260082830996538,True,Oryza sativa,Zoo_01,OS08G0157600,Myb/SANT,MYB-related
562,M07145_2.00,41,500,1334,27655,0.0003320443768432927,0.7654774903746993,2.662946056005659,0.0009274949819597983,True,A. thaliana,OMalley2016,AT5G56840,Myb/SANT,MYB-related
563,M02369_2.00,84,500,3327,27655,0.0003381589953768243,0.4817797088370947,1.672199100721988,0.0009429089447808804,True,A. thaliana,Zoo_01,NAC029,NAC/NAM,.
564,M01078_2.00,48,500,1644,27655,0.0003388995363244037,0.6914363539806738,2.399235073863365,0.0009433101530438068,True,A. thaliana,Stam_Arabidopsis,AT3G16350,Myb/SANT,MYB-related
565,M06677_2.00,45,500,1511,27655,0.0003399412359669877,0.720033588106046,2.497505732224652,0.0009445467382492224,True,A. thaliana,OMalley2016,ERF105,AP2,ERF
566,M01604_2.00,76,500,2944,27655,0.000343223676016248,0.5138339943277731,1.780138185628328,0.0009519940908450668,True,A. thaliana,Zoo_01,ERF069,AP2,ERF
567,M07420_2.00,63,500,2332,27655,0.00034907649781306077,0.5793962872406205,2.0030189631685635,0.0009665322995489477,True,A. thaliana,OMalley2016,WRKY75,WRKY,.
568,M06929_2.00,49,500,1693,27655,0.00035653026184174645,0.678812023160767,2.340478419652972,0.0009837248585895307,True,A. thaliana,OMalley2016,HAT2,Homeodomain,HD-ZIP
569,M06576_2.00,54,500,1919,27655,0.0003560450376886867,0.6382169429092889,2.2008879765863054,0.0009837248585895307,True,A. thaliana,OMalley2016,ERF11,AP2,ERF
570,M06928_2.00,27,500,753,27655,0.0003572188475286451,0.9878498844327409,3.405183389163826,0.0009839076619212333,True,A. thaliana,OMalley2016,ATHB-51,Homeodomain,HD-ZIP
571,M07414_2.00,66,500,2476,27655,0.000361926823113576,0.5600669570853893,1.9274027931168922,0.0009951414040740238,True,A. thaliana,OMalley2016,WRKY20,WRKY,.
572,M06903_2.00,34,500,1041,27655,0.0003631450004051351,0.8531769248921229,2.93486030826956,0.0009967573709036782,True,A. thaliana,OMalley2016,ATHB-X,Homeodomain,HD-ZIP
573,M06823_2.00,40,500,1299,27655,0.00037231760745394917,0.7682108163806819,2.6342612818841764,0.0010201631497135071,True,A. thaliana,OMalley2016,NUC,C2H2 ZF,.
574,M06880_2.00,23,500,599,27655,0.00037716842469990165,1.0866182002094278,3.7199990204981304,0.0010316665734438487,True,A. thaliana,OMalley2016,FAR1,FAR1,.
575,M00729_2.00,33,500,1002,27655,0.0003800465753191177,0.8651957631044456,2.959110689549823,0.001037743757477591,True,A. thaliana,Chang2013,AT3G24120,Myb/SANT,G2-like
576,M02294_2.00,44,500,1476,27655,0.00038179632727837053,0.7214230495181015,2.4659453653172245,0.0010407241265984548,True,A. thaliana,Zoo_01,MYR2,Myb/SANT,G2-like
577,M07056_2.00,59,500,2157,27655,0.0003892245447939252,0.5973010251425878,2.0366769044844926,0.001059146308638891,True,A. thaliana,OMalley2016,AT2G38300,Myb/SANT,G2-like
578,M07127_2.00,40,500,1303,27655,0.0003931445688793064,0.7637751632604285,2.600996387970387,0.0010679751948422397,True,A. thaliana,OMalley2016,MYB43,Myb/SANT,R2R3-MYB
579,M06846_2.00,37,500,1174,27655,0.000395570083271653,0.8017051094600979,2.728023355516643,0.001072720929078016,True,A. thaliana,OMalley2016,GATA24,Dof,.
580,M06962_2.00,46,500,1568,27655,0.00039782438717477284,0.6983205488830052,2.3745053662158413,0.0010769869111700613,True,A. thaliana,OMalley2016,LBD18,LOB,.
581,M01084_2.00,38,500,1218,27655,0.00040150744811575165,0.7870975324784536,2.6732243822447246,0.0010846577354326685,True,A. thaliana,Stam_Arabidopsis,SPL10,SBP,.
582,M07413_2.00,42,500,1392,27655,0.0004020300018744742,0.7388423638712325,2.508917703601203,0.0010846577354326685,True,A. thaliana,OMalley2016,WRKY7,WRKY,.
583,M06838_2.00,103,500,4283,27655,0.00040521281770861085,0.4115630022333764,1.396152097218655,0.0010913823931811137,True,A. thaliana,OMalley2016,CDF5,Dof,.
584,M07262_2.00,32,500,965,27655,0.00040977159601591204,0.8750833047857578,2.9643080716047288,0.001101783832144825,True,A. thaliana,OMalley2016,SPL5,SBP,.
585,M00901_2.00,65,500,2443,27655,0.0004137864091052782,0.5573981017023988,1.8858025114483485,0.001108807309822788,True,A. thaliana,Franco_Zorrilla2014,WRKY38,WRKY,.
586,M10436_2.00,83,500,3303,27655,0.00041367642489730856,0.47494661400260024,1.6069055106026342,0.001108807309822788,True,Zea mays,Transfac,Dof2,Dof,.
587,M01082_2.00,61,500,2257,27655,0.00041838995895109217,0.5800150713122508,1.9595337903254502,0.0011173556167258052,True,A. thaliana,Stam_Arabidopsis,MYB44,Myb/SANT,R2R3-MYB
588,M06683_2.00,42,500,1395,27655,0.00041801747072535547,0.7357364530034108,2.4859104231312674,0.0011173556167258052,True,A. thaliana,OMalley2016,ERF104,AP2,ERF
589,M08146_2.00,66,500,2492,27655,0.00042155607303456734,0.5507742032756522,1.8589426054173575,0.0011239125657127335,True,A. thaliana,JASPAR,AP3,MADS box,.
590,M07050_2.00,61,500,2259,27655,0.0004267943881699733,0.5787372191110025,1.9502178583758758,0.0011283644275865013,True,A. thaliana,OMalley2016,AtMYB81,Myb/SANT,R2R3-MYB
591,M06584_2.00,54,500,1935,27655,0.00042407815818847993,0.6262380880728966,2.112021828349864,0.0011283644275865013,True,A. thaliana,OMalley2016,ERF3,AP2,ERF
592,M01076_2.00,64,500,2399,27655,0.0004256472820597582,0.5612509946477661,1.8919491164119766,0.0011283644275865013,True,A. thaliana,Stam_Arabidopsis,ATMYB65,Myb/SANT,R2R3-MYB
593,M00899_2.00,78,500,3065,27655,0.00042632466206270035,0.49319929722530503,1.6622096383332645,0.0011283644275865013,True,A. thaliana,Franco_Zorrilla2014,WRKY45,WRKY,.
594,M07409_2.00,60,500,2212,27655,0.0004248559444457207,0.5852233623150119,1.9732317297438642,0.0011283644275865013,True,A. thaliana,OMalley2016,WRKY31,WRKY,.
595,M06998_2.00,46,500,1574,27655,0.00042790948129672066,0.6928105674907269,2.3338349953519466,0.0011294238563107101,True,A. thaliana,OMalley2016,LHY,Myb/SANT,MYB-related
596,M07372_2.00,59,500,2168,27655,0.0004354669098660655,0.5899624449491702,1.9828902316535286,0.0011474553074970826,True,A. thaliana,OMalley2016,WRKY65,WRKY,.
597,M01286_2.00,15,500,314,27655,0.00044264279608480857,1.401738283658092,4.701355349772966,0.001164423062579172,True,C. sativa,TF_Evolution,PK28187.1,Myb/SANT,R2R3-MYB
598,M02472_2.00,32,500,970,27655,0.00044373414350225754,0.8676274998667106,2.909048421477293,0.0011653549516230384,True,A. thaliana,Zoo_01,SPL4,SBP,.
599,M06689_2.00,41,500,1357,27655,0.00045122999322611186,0.7408154361404301,2.478473634815992,0.0011830756538813978,True,A. thaliana,OMalley2016,AIL7,AP2,ANT
600,M06785_2.00,70,500,2689,27655,0.0004525329259781498,0.5258974140132943,1.7587849199729364,0.0011845274105487663,True,A. thaliana,OMalley2016,TGA2,bZIP,.
601,M02309_2.00,47,500,1624,27655,0.0004555829230565243,0.6787213714336616,2.2679016918898185,0.0011905398369460576,True,A. thaliana,Zoo_01,MYR1,Myb/SANT,G2-like
602,M07042_2.00,29,500,848,27655,0.0004597434223350101,0.9195289775055735,3.068913687294731,0.0011974536255546144,True,A. thaliana,OMalley2016,MYB88,Myb/SANT,R2R3-MYB
603,M00898_2.00,64,500,2407,27655,0.0004595235509865235,0.5564480104667037,1.857252198559288,0.0011974536255546144,True,A. thaliana,Franco_Zorrilla2014,WRKY12,WRKY,.
604,M07426_2.00,57,500,2082,27655,0.0004660605290975133,0.5986040978065251,1.9942840770101202,0.0012119106850381062,True,A. thaliana,OMalley2016,WRKY24,WRKY,.
605,M06843_2.00,95,500,3906,27655,0.00046701991920232623,0.4278478113853566,1.4250175577001343,0.0012124113173380587,True,A. thaliana,OMalley2016,DOF2.5,Dof,.
606,M07251_2.00,56,500,2037,27655,0.00047186597640965535,0.6045930940329167,2.0109862652771535,0.001222983784760107,True,A. thaliana,OMalley2016,NLP7,RWP-RK,.
607,M01157_2.00,33,500,1017,27655,0.00047979808369280825,0.8437585924421538,2.8003854007859164,0.0012415069890643695,True,C. sativa,TF_Evolution,PK16335.1,bZIP,.
608,M07192_2.00,70,500,2696,27655,0.00048183000705164,0.5221466727043087,1.732015942793655,0.0012426969676160569,True,A. thaliana,OMalley2016,NAC043,NAC/NAM,.
609,M07255_2.00,22,500,572,27655,0.00048119568382036694,1.0890287188001082,3.6130469231796503,0.0012426969676160569,True,A. thaliana,OMalley2016,SPL3,SBP,.
610,M07039_2.00,38,500,1232,27655,0.00048751984825594905,0.7706094096898846,2.5522642972742795,0.0012553239089456928,True,A. thaliana,OMalley2016,ATMYB63,Myb/SANT,R2R3-MYB
611,M02287_2.00,48,500,1675,27655,0.000488619753874084,0.6644855574298595,2.200130937036805,0.0012561102941055719,True,A. thaliana,Zoo_01,AT1G19000,Myb/SANT,MYB-related
612,M02382_2.00,49,500,1721,27655,0.0004931292402455389,0.6551468990162053,2.1665965063419246,0.0012656450143314886,True,P. patens,Zoo_01,e_gw1.327.11.1,NAC/NAM,.
613,M07025_2.00,41,500,1365,27655,0.0005005504110706464,0.7323352057520695,2.4171105581005246,0.001282609724315546,True,A. thaliana,OMalley2016,HHO6,Myb/SANT,G2-like
614,M01285_2.00,45,500,1543,27655,0.000504483804533085,0.6897991867001403,2.2743733001234347,0.0012905969174220185,True,C. sativa,TF_Evolution,PK27693.1,Myb/SANT,MYB-related
615,M02354_2.00,25,500,692,27655,0.0005079734941958311,0.9986963990792007,3.289864679756456,0.0012974250312174618,True,C. sativa,Zoo_01,PK19779.1,Myb/SANT,G2-like
616,M02272_2.00,46,500,1591,27655,0.0005240632812286577,0.6773122726671655,2.2220016604340733,0.0013363613671330773,True,Oryza sativa,Zoo_01,OS02G0104500,Trihelix,MADF
617,M06857_2.00,19,500,463,27655,0.0005297188016838503,1.1825275671245497,3.8739066374213644,0.0013486077704704788,True,A. thaliana,OMalley2016,DOF4.3,Dof,.
618,M01288_2.00,64,500,2423,27655,0.0005343450387077217,0.546889747489854,1.7895207197101293,0.001358198563017537,True,O. tauri,TF_Evolution,e_gw1.09.00.361.1,Myb/SANT,MYB3R
619,M01311_2.00,61,500,2284,27655,0.0005448758820813524,0.5628588391412439,1.8370037525580813,0.0013827428082995477,True,A. thaliana,TF_Evolution,TCP8,TCP,.
620,M02675_2.00,86,500,3486,27655,0.0005539256967274069,0.4483763375176132,1.4601592837178743,0.0014034559719968433,True,Zea mays,JASPAR,PBF,Dof,.
621,M07389_2.00,53,500,1915,27655,0.0005589474646906647,0.6142602146920803,1.9979605936321607,0.0014139135066815055,True,A. thaliana,OMalley2016,WRKY21,WRKY,.
622,M02714_2.00,31,500,944,27655,0.0005694880312298085,0.8610216979662345,2.7935981578679705,0.001438275682706593,True,A. thaliana,JASPAR,SPL8,SBP,.
623,M07075_2.00,36,500,1157,27655,0.0005714258146891822,0.7832202892760227,2.540014839604323,0.0014408679633550192,True,A. thaliana,OMalley2016,AT3G11280,Myb/SANT,MYB-related
624,M01643_2.00,73,500,2861,27655,0.0005808031091593203,0.4969892134980348,1.608242715706142,0.0014621810757657412,True,C. sativa,Zoo_01,PK19363.1,AP2,ERF
625,M07323_2.00,45,500,1555,27655,0.0005818486737386325,0.6786226682529103,2.1954732370362695,0.0014624845042619683,True,A. thaliana,OMalley2016,BEH4,BES1,.
626,M00900_2.00,36,500,1159,27655,0.000587536099409569,0.780728587377041,2.522507087194438,0.0014744358304230611,True,A. thaliana,Franco_Zorrilla2014,WRKY18,WRKY,.
627,M01602_2.00,43,500,1467,27655,0.0005920858260620727,0.6970800359699084,2.2499062140737798,0.001478811518173992,True,A. thaliana,Zoo_01,ERF094,AP2,ERF
628,M07104_2.00,43,500,1467,27655,0.0005920858260620727,0.6970800359699084,2.2499062140737798,0.001478811518173992,True,A. thaliana,OMalley2016,AtMYB74,Myb/SANT,R2R3-MYB
629,M01607_2.00,67,500,2576,27655,0.0005903465477413135,0.5246407492843562,1.6940088282448216,0.001478811518173992,True,A. thaliana,Zoo_01,ERF3,AP2,ERF
630,M01324_2.00,85,500,3446,27655,0.0005934619831237748,0.44815238685395425,1.4460116717383857,0.0014799107181682775,True,C. sativa,TF_Evolution,PK05432.1,WRKY,.
631,M06822_2.00,45,500,1557,27655,0.0005956842196686985,0.6767683041918381,2.1825668882217366,0.0014831129941672632,True,A. thaliana,OMalley2016,NUC,C2H2 ZF,.
632,M07397_2.00,51,500,1830,27655,0.0006007516164588785,0.6242658457412912,2.0109507226490053,0.0014920650051454955,True,A. thaliana,OMalley2016,WRKY45,WRKY,.
633,M07265_2.00,33,500,1032,27655,0.0006011672411623533,0.8226353008763998,2.6497121647821302,0.0014920650051454955,True,A. thaliana,OMalley2016,SPL13A,SBP,.
634,M06825_2.00,45,500,1558,27655,0.0006027069870479354,0.675842015209206,2.1761394968605527,0.0014935419224495075,True,A. thaliana,OMalley2016,IDD1,C2H2 ZF,.
635,M07328_2.00,38,500,1248,27655,0.0006047500096145863,0.7519937315225377,2.420234760659193,0.0014962594134595632,True,A. thaliana,OMalley2016,AT2G28920,Unknown,.
636,M07263_2.00,20,500,507,27655,0.0006161281441976854,1.1255545948252221,3.6134005034535854,0.0015217194702688243,True,A. thaliana,OMalley2016,SPL15,SBP,.
637,M06803_2.00,45,500,1560,27655,0.0006169653260229705,0.6739912195212644,2.1633360667354067,0.0015217194702688243,True,A. thaliana,OMalley2016,IDD7,C2H2 ZF,.
638,M01289_2.00,44,500,1516,27655,0.0006234472363550771,0.6828460174074059,2.188658257035704,0.0015353116521454467,True,A. thaliana,TF_Evolution,anac028,NAC/NAM,.
639,M07422_2.00,44,500,1517,27655,0.0006308691943161714,0.6818946853314642,2.182104369687342,0.0015511729334585801,True,A. thaliana,OMalley2016,WRKY30,WRKY,.
640,1.WRKY33.1MEME,60,500,2253,27655,0.0006344156733973965,0.5587274343142911,1.7866014246287363,0.0015550562831337896,True,.,.,1.WRKY33.1MEME,.,.
641,M07167_2.00,61,500,2300,27655,0.0006344157511836144,0.5527876286723492,1.7676081176661849,0.0015550562831337896,True,A. thaliana,OMalley2016,NAC010,NAC/NAM,.
642,M01772_2.00,85,500,3456,27655,0.0006405861640053701,0.44397187091543383,1.4177897379206104,0.0015677503487499848,True,A. thaliana,Zoo_01,ABF1,bZIP,.
643,M00883_2.00,32,500,994,27655,0.0006423470345045789,0.8323663953789143,2.6571052084910827,0.0015696300796781133,True,A. thaliana,Franco_Zorrilla2014,MYB59,Myb/SANT,R2R3-MYB
644,M01054_2.00,58,500,2161,27655,0.0006448557203826324,0.5699660752092653,1.8184981043505648,0.0015733285400076264,True,A. thaliana,Stam_Arabidopsis,TGA3,bZIP,.
645,M07393_2.00,61,500,2302,27655,0.0006464502875763462,0.5515336563718564,1.7590972199724664,0.001574788759103549,True,A. thaliana,OMalley2016,WRKY43,WRKY,.
646,M06688_2.00,40,500,1343,27655,0.0006630847926422276,0.7201529424011206,2.288956388039336,0.0016128262417959413,True,A. thaliana,OMalley2016,AIL7,AP2,ANT
647,M02479_2.00,40,500,1346,27655,0.0006885323975581829,0.7169338372182459,2.2669990078500604,0.0016721501083555872,True,P. patens,Zoo_01,estExt_fgenesh1_pg.C_1940033,SBP,.
648,M06796_2.00,41,500,1391,27655,0.0006940914636793317,0.705113737017045,2.227160472057011,0.0016830653436764162,True,A. thaliana,OMalley2016,MGP,C2H2 ZF,.
649,M00974_2.00,62,500,2357,27655,0.0006952070045142482,0.5409287040779082,1.7081911063251185,0.0016831887812205613,True,A. thaliana,Lindemose2014,NAC030,NAC/NAM,.
650,M01949_2.00,42,500,1438,27655,0.0007149619576362293,0.6919378992806632,2.176640858331402,0.0017283713379554718,True,A. thaliana,Zoo_01,DOF5.4,Dof,.
651,M07253_2.00,26,500,752,27655,0.0007269851219180629,0.9353193034046552,2.9354757616600318,0.0017536366050008019,True,A. thaliana,OMalley2016,SPL14,SBP,.
652,M00728_2.00,47,500,1665,27655,0.0007276316337005225,0.6427508266602133,2.017008931420171,0.0017536366050008019,True,A. thaliana,Chang2013,HAT3,Homeodomain,HD-ZIP
653,M07411_2.00,68,500,2648,27655,0.0007302185126646604,0.5062438713843224,1.5878577775210772,0.0017571924939464658,True,A. thaliana,OMalley2016,WRKY29,WRKY,.
654,M01283_2.00,52,500,1895,27655,0.0007332827671085559,0.6019260220238386,1.886874668918792,0.001761884581760831,True,C. sativa,TF_Evolution,PK26523.1,Myb/SANT,G2-like
655,M07403_2.00,56,500,2083,27655,0.0007494045161365406,0.5723762349581579,1.7888381139738512,0.0017978885280908509,True,A. thaliana,OMalley2016,WRKY47,WRKY,.
656,M01282_2.00,65,500,2510,27655,0.0007647037650981049,0.5183646011315206,1.6154867895384966,0.0018318131100304603,True,C. sativa,TF_Evolution,PK21687.1,Myb/SANT,MYB-related
657,M06781_2.00,67,500,2609,27655,0.0007880061712790901,0.5062763985815211,1.5712138077566105,0.0018847772417431793,True,A. thaliana,OMalley2016,BZIP11,bZIP,.
658,ATBATTG-HB7-DREME,51,500,1857,27655,0.0007976455742946263,0.6031356789772753,1.8686289534536349,0.0019020779079333397,True,.,.,ATBATTG-HB7-DREME,.,.
659,M06580_2.00,64,500,2467,27655,0.0007965602480499446,0.5209264366410774,1.6142371373371849,0.0019020779079333397,True,A. thaliana,OMalley2016,RAP2-6,AP2,.
660,M07431_2.00,56,500,2090,27655,0.0008019556549869214,0.5675361320305596,1.7570065333477578,0.00190947573875651,True,A. thaliana,OMalley2016,WRKY27,WRKY,.
661,M02043_2.00,43,500,1493,27655,0.0008059810647278692,0.6717347415087569,2.0781290846863194,0.0019161745313304682,True,A. thaliana,Zoo_01,ATHB-7,Homeodomain,HD-ZIP
662,M07395_2.00,41,500,1404,27655,0.0008126604441363034,0.6916932212547235,2.1373949139351187,0.0019291533966659092,True,A. thaliana,OMalley2016,WRKY46,WRKY,.
663,M07266_2.00,53,500,1952,27655,0.0008169336868390532,0.5866515539415132,1.8114704092044998,0.0019363900433171561,True,A. thaliana,OMalley2016,CRC,YABBY,.
664,M06806_2.00,64,500,2471,27655,0.0008250835726547418,0.518589141612416,1.5990706862303214,0.0019498611784262282,True,A. thaliana,OMalley2016,SGR5,C2H2 ZF,.
665,M02471_2.00,28,500,842,27655,0.000824584684303186,0.8791469359324087,2.7110823187663615,0.0019498611784262282,True,A. thaliana,Zoo_01,SPL11,SBP,.
666,M06814_2.00,54,500,2001,27655,0.0008370757730721399,0.5778504871989278,1.7781818753706513,0.001975248951085154,True,A. thaliana,OMalley2016,AT3G49930,C2H2 ZF,.
667,M06811_2.00,52,500,1909,27655,0.000845418215889506,0.5913067676783549,1.8170433588227355,0.0019919615489140223,True,A. thaliana,OMalley2016,SAP11,C2H2 ZF,.
668,M06882_2.00,35,500,1143,27655,0.00085335541202136,0.760141765671689,2.332776300591259,0.0020060995837081217,True,A. thaliana,OMalley2016,GATA11,GATA,.
669,M07427_2.00,52,500,1910,27655,0.0008539563692824579,0.5905512321591815,1.812144438901709,0.0020060995837081217,True,A. thaliana,OMalley2016,WRKY24,WRKY,.
670,M08147_2.00,63,500,2428,27655,0.0008593785050813063,0.5211956541854348,1.597889721994522,0.0020158418642930937,True,A. thaliana,JASPAR,FLC,MADS box,.
671,M01628_2.00,46,500,1635,27655,0.000863090281750609,0.6379554726127685,1.9546596980466,0.0020215492377003152,True,A. thaliana,Zoo_01,ERF106,AP2,ERF
672,M02302_2.00,49,500,1773,27655,0.0008683911743109281,0.6122014601577201,1.874122901493578,0.0020309562819313277,True,A. thaliana,Zoo_01,PHR1,Myb/SANT,G2-like
673,M02569_2.00,68,500,2671,27655,0.0008871240577159519,0.49376701755643015,1.5069846616098235,0.0020656010828408247,True,O. tauri,Zoo_01,700010421,WRKY,.
674,M07316_2.00,33,500,1059,27655,0.0008857314789465683,0.7853756823073175,2.3975147119533267,0.0020656010828408247,True,A. thaliana,OMalley2016,BZR1,BES1,.
675,M01774_2.00,62,500,2384,27655,0.0008869933953572722,0.524496226865914,1.6008042416148045,0.0020656010828408247,True,A. thaliana,Zoo_01,TGA7,bZIP,.
676,M06707_2.00,35,500,1147,27655,0.0009001092893051632,0.7551017778703423,2.2998170763285013,0.0020927540976345043,True,A. thaliana,OMalley2016,NGA4,B3,FUS
677,M06885_2.00,47,500,1685,27655,0.000904198038744715,0.625524412549617,1.9039314481548282,0.002096095453453657,True,A. thaliana,OMalley2016,GATA20,GATA,.
678,M06777_2.00,50,500,1823,27655,0.0009039188415066621,0.6012257806767909,1.8300534542992708,0.002096095453453657,True,A. thaliana,OMalley2016,DPBF3,bZIP,.
679,M07400_2.00,46,500,1640,27655,0.0009113494621869259,0.6335502934927674,1.9261924975444629,0.002109580526672811,True,A. thaliana,OMalley2016,WRKY22,WRKY,.
680,M01223_2.00,70,500,2772,27655,0.0009213169047211995,0.48203991174895333,1.4632759985323358,0.002129535126263474,True,C. sativa,TF_Evolution,PK23009.1,Dof,.
681,M01287_2.00,57,500,2152,27655,0.0009249289267138178,0.5508960885493179,1.671359036449711,0.0021347629680796287,True,O. tauri,TF_Evolution,100010405,Myb/SANT,MYB
682,M07390_2.00,53,500,1965,27655,0.0009288890697990898,0.5770752943584307,1.7497131522761924,0.0021407778707760363,True,A. thaliana,OMalley2016,WRKY21,WRKY,.
683,M06817_2.00,54,500,2012,27655,0.000931668357197942,0.5699413492991421,1.7273432780961653,0.0021409413847818986,True,A. thaliana,OMalley2016,ZAT9,C2H2 ZF,.
684,M06888_2.00,39,500,1326,27655,0.0009304667647318194,0.7020055956908611,2.1279889548327406,0.0021409413847818986,True,A. thaliana,OMalley2016,GATA1,GATA,.
685,M06693_2.00,48,500,1735,27655,0.0009442242243523639,0.6137109901967335,1.8564296322110088,0.0021666451359957724,True,A. thaliana,OMalley2016,RAV1,AP2,B3
686,M07383_2.00,45,500,1598,27655,0.0009479555532327992,0.6392698403428982,1.932648268505213,0.00216891133091325,True,A. thaliana,OMalley2016,WRKY15,WRKY,.
687,M06588_2.00,41,500,1417,27655,0.0009479389026429767,0.6783963986412657,2.0509413250824777,0.00216891133091325,True,A. thaliana,OMalley2016,RAP2-12,AP2,ERF
688,M07353_2.00,46,500,1646,27655,0.0009722494041143015,0.6282817725765877,1.8925243750588707,0.0022212807917698133,True,A. thaliana,OMalley2016,ZHD10,Homeodomain,HD-ZF
689,M06720_2.00,51,500,1877,27655,0.0009766875668210475,0.5876808440818218,1.7690629350885096,0.0022282006394575412,True,A. thaliana,OMalley2016,BHLH74,bHLH,.
690,M07128_2.00,40,500,1375,27655,0.0009803165609947166,0.6861806285291784,2.064466136202531,0.002233257180018223,True,A. thaliana,OMalley2016,RVE1,Myb/SANT,MYB-related
691,M00969_2.00,59,500,2253,27655,0.0009820403226071775,0.5344798880676138,1.6076463842087554,0.0022339651079740256,True,A. thaliana,Lindemose2014,NAC001,NAC/NAM,.
692,M02314_2.00,58,500,2206,27655,0.000984928173992881,0.5402323564773902,1.6242601391610747,0.002237315291785553,True,A. thaliana,Zoo_01,TRB2,Myb/SANT,MYB-related
693,M07143_2.00,37,500,1242,27655,0.0009867156638587035,0.7204723443496689,2.165601520163336,0.002238159920459986,True,A. thaliana,OMalley2016,MYB80,Myb/SANT,R2R3-MYB
694,M02356_2.00,25,500,729,27655,0.0009893759476433393,0.9235496223889882,2.7749328923016416,0.0022409790447336956,True,C. sativa,Zoo_01,PK27213.1,Myb/SANT,MYB-related
695,M07388_2.00,60,500,2302,27655,0.0009959101150826422,0.5276869144174884,1.5839999503118434,0.0022525520628693236,True,A. thaliana,OMalley2016,WRKY25,WRKY,.
696,M06970_2.00,50,500,1833,27655,0.0010004729646890147,0.5933335561760394,1.779878823094654,0.0022596396531047603,True,A. thaliana,OMalley2016,AT1G76880,Trihelix,MADF
697,M07423_2.00,42,500,1467,27655,0.0010037589776529282,0.6631327040465711,1.9883175754304077,0.0022638273090859907,True,A. thaliana,OMalley2016,WRKY30,WRKY,.
698,M07026_2.00,47,500,1695,27655,0.0010052680232617759,0.6169877305951315,1.8495553070852473,0.002264001060935709,True,A. thaliana,OMalley2016,MYB113,Myb/SANT,R2R3-MYB
699,M07084_2.00,53,500,1977,27655,0.001043486001971905,0.5682917357751919,1.694369409683506,0.0023467302547903013,True,A. thaliana,OMalley2016,MYB15,Myb/SANT,R2R3-MYB
700,M08047_2.00,52,500,1931,27655,0.0010508807045305569,0.5747757061316423,1.7119387373865302,0.0023600034003733103,True,A. thaliana,JASPAR,PIF5,bHLH,.
701,M06703_2.00,102,500,4375,27655,0.0010607818047635342,0.36682647730564266,1.091079113933675,0.0023762914499641653,True,A. thaliana,OMalley2016,REM19,B3,REM
702,M07385_2.00,52,500,1932,27655,0.0010611396354678689,0.5740287762465194,1.7072921511431367,0.0023762914499641653,True,A. thaliana,OMalley2016,WRKY17,WRKY,.
703,M07405_2.00,40,500,1383,27655,0.0010770535488599951,0.6778110906780688,2.0115824752365614,0.002408517200491729,True,A. thaliana,OMalley2016,WRKY42,WRKY,.
704,M07430_2.00,43,500,1520,27655,0.00109405526494383,0.6458775833123506,1.9124181667510922,0.0024430810365482984,True,A. thaliana,OMalley2016,WRKY27,WRKY,.
705,M08114_2.00,40,500,1385,27655,0.0011024486091546278,0.6757262708920123,1.9985561601579211,0.002458351552995016,True,A. thaliana,JASPAR,FHY3,FAR1,.
706,M02288_2.00,35,500,1163,27655,0.001109220385025246,0.7351160724129486,2.1722548777788626,0.0024687794642537903,True,A. thaliana,Zoo_01,MYB3,Myb/SANT,R2R3-MYB
707,M07206_2.00,61,500,2362,27655,0.001110248070262141,0.5144125251069296,1.5198729445448977,0.0024687794642537903,True,A. thaliana,OMalley2016,NAC054,NAC/NAM,.
708,M02327_2.00,48,500,1751,27655,0.0011137426728552472,0.6004675692287988,1.773309916587601,0.002473071862056385,True,Oryza sativa,Zoo_01,OS02G0187700,Myb/SANT,MYB-related
709,M06858_2.00,13,500,276,27655,0.00112026972688488,1.3813836983041237,4.0760176590859585,0.002484076350918647,True,A. thaliana,OMalley2016,DOF4.3,Dof,.
710,M06999_2.00,41,500,1433,27655,0.0011399892510673161,0.6621975472971385,1.9489131005619973,0.0025242619130776286,True,A. thaliana,OMalley2016,ATMYB13,Myb/SANT,R2R3-MYB
711,M06949_2.00,69,500,2751,27655,0.0011483265717143706,0.4722524694031592,1.388391367979308,0.002539166866965622,True,A. thaliana,OMalley2016,HSFA1B,HSF,.
712,M02648_2.00,46,500,1662,27655,0.0011516237919194654,0.6143257262278687,1.8053124822521067,0.0025429011383026182,True,Zea mays,JASPAR,ABI4,AP2,ERF
713,M06997_2.00,37,500,1255,27655,0.0011590536657158043,0.7054501537320157,2.07112860563578,0.002555737580887987,True,A. thaliana,OMalley2016,LHY,Myb/SANT,MYB-related
714,M06711_2.00,46,500,1664,27655,0.001175878170954222,0.6125906748571212,1.7946687184651966,0.0025892247747613156,True,A. thaliana,OMalley2016,AT5G25475,B3,.
715,M07129_2.00,56,500,2132,27655,0.001187481523379974,0.5388316362396287,1.576283595128992,0.002611138092439136,True,A. thaliana,OMalley2016,RVE1,Myb/SANT,MYB-related
716,M07362_2.00,30,500,951,27655,0.0011928469806127165,0.8030575016891554,2.3476705586356714,0.002619293161595423,True,A. thaliana,OMalley2016,AT5G59990,Unknown,.
717,M09749_2.00,38,500,1303,27655,0.0012072877707969844,0.6897745818166514,2.0128927340742813,0.00264365923217456,True,A. thaliana,Transfac,RAV1,AP2,B3
718,M02650_2.00,38,500,1303,27655,0.0012072877707969844,0.6897745818166514,2.0128927340742813,0.00264365923217456,True,A. thaliana,JASPAR,RAV1,AP2,B3
719,M06766_2.00,53,500,1993,27655,0.0012145914618312513,0.5566628966653416,1.6229895170196922,0.0026559738605189606,True,A. thaliana,OMalley2016,ABI5,bZIP,.
720,M07047_2.00,21,500,579,27655,0.001221444088868428,1.0043663217307244,2.925846055036947,0.0026599216315440558,True,A. thaliana,OMalley2016,AT2G20400,Myb/SANT,G2-like
721,M02522_2.00,60,500,2325,27655,0.001218109703296611,0.5133440316669631,1.496045491559654,0.0026599216315440558,True,A. thaliana,Zoo_01,TCX3,TCR/CxC,.
722,M02551_2.00,61,500,2373,27655,0.0012202088160099274,0.5077093893101388,1.4792447341303767,0.0026599216315440558,True,A. thaliana,Zoo_01,WRKY60,WRKY,.
723,M06686_2.00,53,500,1994,27655,0.0012260221438589063,0.5559391971062037,1.6186179095301683,0.0026662187200012805,True,A. thaliana,OMalley2016,AT5G65130,AP2,DREB
724,M06916_2.00,37,500,1261,27655,0.001246673331757413,0.6985692422419303,2.028817857051127,0.002707404584489657,True,A. thaliana,OMalley2016,WOX11,Homeodomain,HD-WOX
725,M02549_2.00,84,500,3499,27655,0.0012524538813760253,0.40905891048011145,1.1871864193718207,0.0027162271419142606,True,A. thaliana,Zoo_01,WRKY15,WRKY,.
726,M07421_2.00,54,500,2044,27655,0.0012596578492567842,0.5471764581670476,1.5866735134356096,0.0027281083009246246,True,A. thaliana,OMalley2016,WRKY75,WRKY,.
727,M08101_2.00,81,500,3353,27655,0.001275902657626287,0.41808167203204094,1.2100046411883973,0.002759510399052202,True,Zea mays,JASPAR,RAMOSA1,C2H2 ZF,.
728,M06831_2.00,75,500,3059,27655,0.0012910690917558078,0.43944273587887883,1.269572262745521,0.002788497587521765,True,A. thaliana,OMalley2016,DOF1.6,Dof,.
729,M06804_2.00,68,500,2718,27655,0.0012980042482371918,0.4686015374241487,1.3527232511601024,0.002792033627840817,True,A. thaliana,OMalley2016,TFIIIA,C2H2 ZF,.
730,M07373_2.00,42,500,1490,27655,0.0012974315357837012,0.640689244370437,1.849615742404581,0.002792033627840817,True,A. thaliana,OMalley2016,WRKY65,WRKY,.
731,M02341_2.00,53,500,2000,27655,0.0012965102054962303,0.5516046068423125,1.592606092662203,0.002792033627840817,True,P. patens,Zoo_01,e_gw1.362.4.1,Myb/SANT,ARR-B
732,M06696_2.00,18,500,465,27655,0.0013088076453387245,1.0983065323881191,3.16655411701549,0.00280815449282705,True,A. thaliana,OMalley2016,HMGB15,HMGBox,.
733,M06800_2.00,52,500,1954,27655,0.0013090511456126097,0.5576934031139074,1.6078542766531412,0.00280815449282705,True,A. thaliana,OMalley2016,ZAT10,C2H2 ZF,.
734,M01099_2.00,61,500,2383,27655,0.0013279475350245476,0.5016425383138156,1.4431348270026358,0.002844830694950962,True,C. sativa,TF_Evolution,PK17878.1,AP2,ERF
735,M06743_2.00,54,500,2050,27655,0.001330811522570775,0.5429477447118608,1.5614544318923609,0.0028471082776514146,True,A. thaliana,OMalley2016,BHLH72,bHLH,.
736,M07018_2.00,33,500,1090,27655,0.0013441872087474876,0.7437501366353655,2.1357084470820418,0.0028718378067969967,True,A. thaliana,OMalley2016,KAN2,Myb/SANT,G2-like
737,M06692_2.00,44,500,1586,27655,0.001360898374489184,0.6177229998745193,1.7705017896389474,0.0028997039488778973,True,A. thaliana,OMalley2016,RAV1,AP2,B3
738,M06670_2.00,45,500,1632,27655,0.0013603997731185624,0.6088961912993794,1.745299520193027,0.0028997039488778973,True,A. thaliana,OMalley2016,ERF9,AP2,ERF
739,M02301_2.00,37,500,1269,27655,0.0013719968736002083,0.6894454487290445,1.9736388615379596,0.0029194173043902145,True,A. thaliana,Zoo_01,MYB98,Myb/SANT,R2R3-MYB
740,M00730_2.00,45,500,1634,27655,0.0013887014445631628,0.6071292651251916,1.7348057664488024,0.002950990569696721,True,A. thaliana,Chang2013,NAC92,NAC/NAM,.
741,M00888_2.00,54,500,2056,27655,0.001405281901340389,0.5387313899107911,1.5365893593158815,0.002982215685931752,True,A. thaliana,Franco_Zorrilla2014,SPL7,SBP,.
742,M02376_2.00,37,500,1272,27655,0.0014216036633416468,0.6860388472857948,1.9533045325462268,0.0030070807127711365,True,A. lyrata,Zoo_01,ANAC080,NAC/NAM,.
743,M06986_2.00,38,500,1317,27655,0.0014228319673194473,0.6743563201282715,1.9197888527751175,0.0030070807127711365,True,A. thaliana,OMalley2016,AGL6,MADS box,.
744,M02470_2.00,31,500,1007,27655,0.0014246068651901209,0.7678167793212911,2.185440712819013,0.0030070807127711365,True,A. thaliana,Zoo_01,SPL14,SBP,.
745,M07355_2.00,52,500,1963,27655,0.0014235289670260593,0.5510636976161216,1.5686764875651844,0.0030070807127711365,True,A. thaliana,OMalley2016,U2AF35B,Unknown,.
746,M06797_2.00,50,500,1870,27655,0.0014365122285795366,0.564502071940926,1.6047047745941958,0.0030281677778456633,True,A. thaliana,OMalley2016,AT1G14580,C2H2 ZF,.
747,M07194_2.00,61,500,2393,27655,0.0014435064397823561,0.49560109296558785,1.4077951842011371,0.0030388597620451463,True,A. thaliana,OMalley2016,NAC045,NAC/NAM,.
748,M06808_2.00,43,500,1546,27655,0.0014484507269543355,0.6214085877184511,1.7642388059816303,0.0030417521807114553,True,A. thaliana,OMalley2016,IDD5,C2H2 ZF,.
749,M00971_2.00,44,500,1592,27655,0.0014487282682325907,0.6122754350348487,1.7382579598401928,0.0030417521807114553,True,A. thaliana,Lindemose2014,NAC012,NAC/NAM,.
750,M07312_2.00,55,500,2107,27655,0.0014514516667553715,0.5298535516485539,1.503828984098146,0.0030434284948809578,True,A. thaliana,OMalley2016,BHLH157,bHLH,.
751,M07019_2.00,38,500,1319,27655,0.001456072917886147,0.6721671011332412,1.9068149757720287,0.003049074547255627,True,A. thaliana,OMalley2016,KAN2,Myb/SANT,G2-like
752,M01051_2.00,50,500,1873,27655,0.0014778902045332713,0.5621894424728798,1.591197290088,0.0030884078882512395,True,A. thaliana,Stam_Arabidopsis,ABR1,AP2,ERF
753,M06613_2.00,40,500,1411,27655,0.0014807167484468307,0.6488942592312986,1.836064482843291,0.0030884078882512395,True,A. thaliana,OMalley2016,ERF13,AP2,ERF
754,M07165_2.00,60,500,2348,27655,0.0014803886963695948,0.49914233943966674,1.4123852627169462,0.0030884078882512395,True,A. thaliana,OMalley2016,NAC007,NAC/NAM,.
755,M07041_2.00,32,500,1054,27655,0.001489063357688554,0.7478092853039858,2.11412177674603,0.0031017248596911778,True,A. thaliana,OMalley2016,PHL7,Myb/SANT,G2-like
756,M07066_2.00,64,500,2542,27655,0.001495136884390352,0.47772012193624164,1.3497117584572809,0.0031102781766067715,True,A. thaliana,OMalley2016,MYB83,Myb/SANT,R2R3-MYB
757,M07399_2.00,40,500,1412,27655,0.001497175933943802,0.6478721585573824,1.8300620840926332,0.0031104272688109737,True,A. thaliana,OMalley2016,WRKY70,WRKY,.
758,M06827_2.00,41,500,1458,27655,0.001504474745969578,0.6372454372323471,1.7986985922037504,0.003121488941440817,True,A. thaliana,OMalley2016,CAMTA5,CG-1,.
759,M07429_2.00,43,500,1550,27655,0.0015105939656531637,0.6176806914816986,1.7423859711303418,0.0031300774045840783,True,A. thaliana,OMalley2016,WRKY8,WRKY,.
760,M10470_2.00,42,500,1505,27655,0.0015250055580820943,0.6262380880728966,1.7639427164709667,0.0031558033865547006,True,Nicotiana tabacum,Transfac,Q9ZWK1_TOBAC,EIN3,.
761,M06884_2.00,35,500,1189,27655,0.0015346056592607073,0.7032184541405114,1.9788589834554189,0.003170589448352063,True,A. thaliana,OMalley2016,GATA20,GATA,.
762,M02361_2.00,54,500,2066,27655,0.0015370779732490918,0.5317314002396095,1.4959221288979287,0.003170589448352063,True,O. tauri,Zoo_01,1200010153,Myb/SANT,MYB
763,M06716_2.00,87,500,3679,27655,0.0015381670505287997,0.38731397181695437,1.0895128455787353,0.003170589448352063,True,A. thaliana,OMalley2016,BPC1,BBR,.
764,M02040_2.00,38,500,1324,27655,0.0015419887762743417,0.6667085435775683,1.8747302793974787,0.003174328457408508,True,A. thaliana,Zoo_01,ATHB-6,Homeodomain,HD-ZIP
765,M06737_2.00,47,500,1738,27655,0.0015545596865247475,0.5808449218044379,1.6312405794380038,0.003196045337315508,True,A. thaliana,OMalley2016,BHLH104,bHLH,.
766,M07195_2.00,63,500,2499,27655,0.001560657181440297,0.4796131743544132,1.34612669210433,0.0032000563046546138,True,A. thaliana,OMalley2016,NAC045,NAC/NAM,.
767,M06579_2.00,49,500,1832,27655,0.0015625828381994698,0.5649744929594649,1.5854070999025336,0.0032000563046546138,True,A. thaliana,OMalley2016,RAP2-6,AP2,ERF
768,M07398_2.00,48,500,1785,27655,0.0015596118656611062,0.5727225787458945,1.6076228110470452,0.0032000563046546138,True,A. thaliana,OMalley2016,WRKY45,WRKY,.
769,M02346_2.00,44,500,1600,27655,0.001573083304203654,0.6050438658037729,1.6960881750910384,0.0032163516774473392,True,C. sativa,Zoo_01,PK00738.1,Myb/SANT,MYB-related
770,M07359_2.00,52,500,1974,27655,0.0015746086011032515,0.5430018806258949,1.5219405387399143,0.0032163516774473392,True,A. thaliana,OMalley2016,AT5G58620,Unknown,.
771,M06624_2.00,45,500,1647,27655,0.0015848019512443925,0.5956966935445204,1.6679656359836676,0.0032329959805385607,True,A. thaliana,OMalley2016,ERF095,AP2,ERF
772,M02564_2.00,85,500,3584,27655,0.0015893381560875438,0.39150445102129827,1.0957362721372423,0.003238071681410318,True,A. thaliana,Zoo_01,WRKY8,WRKY,.
773,M02563_2.00,72,500,2941,27655,0.001600978486285313,0.43730236949644874,1.222528846809735,0.0032575894296230116,True,A. thaliana,Zoo_01,WRKY30,WRKY,.
774,M07256_2.00,21,500,594,27655,0.0016140012131701156,0.9674667389191952,2.701260150386124,0.0032798662185372146,True,A. thaliana,OMalley2016,SPL3,SBP,.
775,M07071_2.00,37,500,1283,27655,0.0016163375230607525,0.6736163474804677,1.8803784411273323,0.003280397463362066,True,A. thaliana,OMalley2016,RVE7L,Myb/SANT,MYB-related
776,M07264_2.00,17,500,437,27655,0.001638866425313674,1.1054418086909414,3.079160007121309,0.0033144298234978266,True,A. thaliana,OMalley2016,SPL15,SBP,.
777,M02379_2.00,43,500,1558,27655,0.001641491810119417,0.6102536735816292,1.6994108010158393,0.0033144298234978266,True,P. patens,Zoo_01,e_gw1.159.34.1,NAC/NAM,.
778,M07130_2.00,41,500,1466,27655,0.001639663953905111,0.6293510534254725,1.7528969696307957,0.0033144298234978266,True,A. thaliana,OMalley2016,MYB56,Myb/SANT,R2R3-MYB
779,M07344_2.00,41,500,1466,27655,0.001639663953905111,0.6293510534254725,1.7528969696307957,0.0033144298234978266,True,A. thaliana,OMalley2016,BEH3,BES1,.
780,M07415_2.00,50,500,1885,27655,0.0016533941645373218,0.5529758185598986,1.5381705868576492,0.0033342043037417166,True,A. thaliana,OMalley2016,WRKY11,WRKY,.
781,M02493_2.00,20,500,556,27655,0.0016817107310873355,0.9924554591050554,2.753318271748418,0.003382677691919946,True,A. thaliana,Zoo_01,GEBP,Storekeeper,.
782,M06795_2.00,39,500,1377,27655,0.0016806135349347884,0.6475578116684847,1.7966699630277292,0.003382677691919946,True,A. thaliana,OMalley2016,MGP,C2H2 ZF,.
783,M07268_2.00,65,500,2606,27655,0.0016887259854956192,0.4642148814015206,1.2870082835730556,0.003392472405423855,True,A. thaliana,OMalley2016,HMGB13,HMGBox,.
784,M00889_2.00,37,500,1287,27655,0.0016923679873873047,0.6691254643494485,1.8544847027734297,0.0033954743503290972,True,A. thaliana,Franco_Zorrilla2014,YAB5,YABBY,.
785,M07239_2.00,56,500,2173,27655,0.0017028719606693803,0.5113508998175218,1.4158375785489168,0.0034122187196683022,True,A. thaliana,OMalley2016,NAC098,NAC/NAM,.
786,M07008_2.00,36,500,1243,27655,0.0017129022257407777,0.6797828573310278,1.8804611752004234,0.00342797268214705,True,A. thaliana,OMalley2016,RVE7,Myb/SANT,MYB-related
787,M07199_2.00,55,500,2130,27655,0.001773775004279227,0.5141904353526596,1.4145900622478267,0.0035453075622825002,True,A. thaliana,OMalley2016,NAC047,NAC/NAM,.
788,M06697_2.00,20,500,559,27655,0.0017783683384371082,0.9846920589853728,2.707881776958494,0.003550000433168015,True,A. thaliana,OMalley2016,HMGB15,HMGBox,.
789,M06665_2.00,53,500,2036,27655,0.00179387728841167,0.5258670454287043,1.4441399024376724,0.0035764438751309585,True,A. thaliana,OMalley2016,RAP2-11,AP2,ERF
790,M07375_2.00,51,500,1943,27655,0.001824283586581559,0.5378235933273513,1.4730491537265966,0.0036324840684955227,True,A. thaliana,OMalley2016,WRKY14,WRKY,.
791,M08148_2.00,100,500,4364,27655,0.001840343202617915,0.34188924039231805,0.9351016643354843,0.0036598523312439293,True,A. thaliana,JASPAR,PI,MADS box,.
792,M07402_2.00,43,500,1570,27655,0.001855207186528565,0.5991843478643092,1.6367365076642537,0.0036801537790485082,True,A. thaliana,OMalley2016,WRKY47,WRKY,.
793,M07322_2.00,31,500,1027,27655,0.0018542302849341725,0.7394442810098807,2.020040750813533,0.0036801537790485082,True,A. thaliana,OMalley2016,BEH4,BES1,.
794,M07261_2.00,17,500,443,27655,0.0018639733471335213,1.085768389636522,2.9636702934030503,0.0036929096012758107,True,A. thaliana,OMalley2016,SPL5,SBP,.
795,M06721_2.00,48,500,1805,27655,0.0018846283073657944,0.5566478158878233,1.5167396573204992,0.003729158140106785,True,A. thaliana,OMalley2016,BHLH74,bHLH,.
796,M07310_2.00,40,500,1434,27655,0.0018992067227900635,0.625567223126658,1.702436007436213,0.0037533072859138633,True,A. thaliana,OMalley2016,WIP5,C2H2 ZF,.
797,1.HSF1b-HS,44,500,1619,27655,0.0019039626638161754,0.5880127852759317,1.5995956248084537,0.0037580087034873575,True,.,.,1.HSF1b-HS,.,.
798,M06953_2.00,45,500,1668,27655,0.0019494091853080777,0.5774179598262117,1.5648586760169008,0.0038429126209128064,True,A. thaliana,OMalley2016,LBD2,LOB,.
799,M07270_2.00,23,500,688,27655,0.0019765188729658338,0.8867656382961154,2.3979021062572365,0.0038915022891145494,True,A. thaliana,OMalley2016,AT1G66420,Storekeeper,.
800,M07354_2.00,36,500,1256,27655,0.001988988188803146,0.6647726894918857,1.7957955349448462,0.00391118199813156,True,A. thaliana,OMalley2016,ZHD10,Homeodomain,HD-ZF
801,M06620_2.00,52,500,2002,27655,0.0020196956407169224,0.522681896246299,1.40847826094126,0.00396171067986781,True,A. thaliana,OMalley2016,ERF7,AP2,ERF
802,M07363_2.00,42,500,1532,27655,0.002017301424542069,0.6005852777950037,1.6187149806825762,0.00396171067986781,True,A. thaliana,OMalley2016,AT5G59990,Unknown,.
803,M06860_2.00,17,500,447,27655,0.0020272855906108963,1.0728002570082222,2.8891423514407317,0.003971671026958894,True,A. thaliana,OMalley2016,DOF4.5,Dof,.
804,M07003_2.00,47,500,1766,27655,0.002030726557170257,0.5577876609703719,1.501758801106318,0.00397348847386903,True,A. thaliana,OMalley2016,MYB61,Myb/SANT,R2R3-MYB
805,M01066_2.00,44,500,1626,27655,0.0020393463141136657,0.5817885135034699,1.565307241978389,0.003985422154034246,True,A. thaliana,Stam_Arabidopsis,LBD30,LOB,.
806,M01785_2.00,53,500,2052,27655,0.00206041736812672,0.5145738758973456,1.3821684825020315,0.004021629455565856,True,A. thaliana,Zoo_01,TGA5,bZIP,.
807,M07386_2.00,35,500,1215,27655,0.0020858983254125225,0.6720108553930239,1.801464113105597,0.004066344331044634,True,A. thaliana,OMalley2016,WRKY17,WRKY,.
808,M06821_2.00,57,500,2246,27655,0.002096488005635071,0.48921623870534103,1.3103694221853606,0.004072817847264516,True,A. thaliana,OMalley2016,AT5G22990,C2H2 ZF,.
809,M07120_2.00,51,500,1959,27655,0.002102099534072008,0.5259920966451092,1.4082632168277294,0.004072817847264516,True,A. thaliana,OMalley2016,MYB33,Myb/SANT,R2R3-MYB
810,M07030_2.00,44,500,1629,27655,0.002099715018177142,0.57912916705298,1.5508150433834573,0.004072817847264516,True,A. thaliana,OMalley2016,HHO2,Myb/SANT,G2-like
811,M02492_2.00,15,500,372,27655,0.002100133040718309,1.1572002214416879,3.098696587210963,0.004072817847264516,True,A. thaliana,Zoo_01,STKL1,Storekeeper,.
812,M02290_2.00,37,500,1306,27655,0.002094545206357746,0.6479826210237194,1.7358872929723366,0.004072817847264516,True,A. thaliana,Zoo_01,HHO2,Myb/SANT,G2-like
813,M02263_2.00,37,500,1307,27655,0.002117690137892885,0.646878376774717,1.729841780835564,0.0040980025801819475,True,A. thaliana,Zoo_01,GT-1,Trihelix,MADF
814,M06968_2.00,52,500,2008,27655,0.0021272974183499014,0.5183646011315206,1.385159262501125,0.004111561391700727,True,A. thaliana,OMalley2016,AT-GTL1,Trihelix,MADF
815,M06739_2.00,51,500,1961,27655,0.002139123494111168,0.524519958720547,1.400344577751769,0.004129370261525954,True,A. thaliana,OMalley2016,BIM1,bHLH,.
816,M00851_2.00,36,500,1263,27655,0.00215199657737922,0.6567545145959605,1.751668335923568,0.004145393388593567,True,A. thaliana,Franco_Zorrilla2014,TOE2,AP2,AP2
817,M01083_2.00,55,500,2153,27655,0.002152667914000834,0.49869554629862634,1.3300324732212643,0.004145393388593567,True,A. thaliana,Stam_Arabidopsis,TRB2,Myb/SANT,MYB-related
818,ASCMAC-MYB44-DREME,77,500,3231,27655,0.0021558226253011008,0.398489942370738,1.0625283917981256,0.004146417969101023,True,.,.,ASCMAC-MYB44-DREME,.,.
819,M07103_2.00,45,500,1680,27655,0.0021867426882519764,0.5670760156047525,1.5085369305917367,0.004200777873786604,True,A. thaliana,OMalley2016,MYB55,Myb/SANT,R2R3-MYB
820,M06749_2.00,54,500,2109,27655,0.0022253818424658664,0.5020125593109774,1.331636235594685,0.004269816374925406,True,A. thaliana,OMalley2016,TGA9,bZIP,.
821,2.URI.MEME2,47,500,1777,27655,0.002247631866783239,0.5488293225901599,1.4534508750176933,0.004307279977435516,True,.,.,2.URI.MEME2,.,.
822,M08143_2.00,78,500,3288,27655,0.0022595848440639496,0.39187607212176606,1.036892858374656,0.004324943872233782,True,A. thaliana,JASPAR,SEP3,MADS box,.
823,M01057_2.00,56,500,2210,27655,0.002314149303017833,0.48699270472001066,1.283522172826716,0.0044240266603037415,True,A. thaliana,Stam_Arabidopsis,ABF4,bZIP,.
824,M06905_2.00,30,500,1001,27655,0.0023354540722314563,0.7291327737137254,1.918806710733132,0.004459363391543397,True,A. thaliana,OMalley2016,WUS,Homeodomain,HD-WOX
825,M06837_2.00,90,500,3898,27655,0.002351943519924107,0.35280315801298506,0.9273688948798249,0.004485431489746699,True,A. thaliana,OMalley2016,CDF5,Dof,.
826,M06906_2.00,32,500,1091,27655,0.0023662409177034618,0.6980330506175932,1.83299363487151,0.004507261314324305,True,A. thaliana,OMalley2016,WUS,Homeodomain,HD-WOX
827,M02271_2.00,45,500,1690,27655,0.0024019334792363097,0.5585140021013285,1.4629933727838984,0.004569743478547058,True,Oryza sativa,Zoo_01,OS02G0104500,Trihelix,MADF
828,M07331_2.00,68,500,2801,27655,0.002407655275388683,0.42520501011703365,1.1133592198717839,0.004575123786525851,True,A. thaliana,OMalley2016,WLIN2A,Homeodomain,HD-ZF
829,M02715_2.00,25,500,786,27655,0.0024261963319898616,0.8149391244573186,2.1311261633717815,0.004604821609695044,True,A. thaliana,JASPAR,SPL3,SBP,.
830,M07187_2.00,71,500,2952,27655,0.0024522648262431026,0.4117385503854864,1.0748157473949729,0.0046487178540651625,True,A. thaliana,OMalley2016,NAC037,NAC/NAM,.
831,M08402_2.00,15,500,379,27655,0.0024630925157906602,1.1303049943786272,2.948422364911712,0.004663651817323393,True,A. thaliana,JASPAR,SMZ,AP2,AP2
832,M07031_2.00,36,500,1276,27655,0.002483296906274547,0.6419808246186434,1.6723416569963767,0.004691003329365498,True,A. thaliana,OMalley2016,MYB105,Myb/SANT,R2R3-MYB
833,M07407_2.00,40,500,1460,27655,0.002483472350840558,0.5996438780611832,1.5620367259326478,0.004691003329365498,True,A. thaliana,OMalley2016,WRKY28,WRKY,.
834,M06710_2.00,45,500,1695,27655,0.002515749795204347,0.5542519752471688,1.4406852023743637,0.004746301224603905,True,A. thaliana,OMalley2016,AT5G18090,AP2,B3
835,M02364_2.00,53,500,2076,27655,0.002519817065727861,0.4977981631465188,1.2935937320675353,0.0047483084397088775,True,O. tauri,Zoo_01,estExt_fgenesh1_pg.C_Chr_03.00010061,Myb/SANT,MYB-related
836,M00979_2.00,53,500,2077,27655,0.002540612850284306,0.4971033906597519,1.290013875394473,0.004781796328927962,True,A. thaliana,Lindemose2014,NAC92,NAC/NAM,.
837,M06956_2.00,37,500,1324,27655,0.0025438114167641718,0.6282343957629326,1.6299636185271205,0.004782123483833716,True,A. thaliana,OMalley2016,LBD13,LOB,.
838,M06939_2.00,25,500,790,27655,0.00256986182946609,0.8076157836514599,2.0917977477661993,0.0048253581382255205,True,A. thaliana,OMalley2016,HSFA1E,HSF,.
839,M02157_2.00,54,500,2128,27655,0.002600320577139979,0.48907350360347956,1.2642418543071168,0.004876757808372843,True,Oryza sativa,Zoo_01,HOX6,Homeodomain,HD-ZIP
840,M07347_2.00,27,500,878,27655,0.002618552065211098,0.7662788095693109,1.9784849797075905,0.004899326408400883,True,A. thaliana,OMalley2016,BEH2,BES1,.
841,M01284_2.00,27,500,878,27655,0.002618552065211098,0.7662788095693109,1.9784849797075905,0.004899326408400883,True,C. sativa,TF_Evolution,PK27213.1,Myb/SANT,MYB-related
842,M02374_2.00,32,500,1100,27655,0.002632653178969525,0.6861806285291786,1.7700759068104925,0.004916322033829801,True,A. thaliana,Zoo_01,NAC083,NAC/NAM,.
843,M07089_2.00,45,500,1700,27655,0.0026338550048411397,0.550002502245811,1.4186809295889498,0.004916322033829801,True,A. thaliana,OMalley2016,MYB30,Myb/SANT,R2R3-MYB
844,M02570_2.00,64,500,2617,27655,0.002639994194115061,0.43577022789316583,1.1235886605913457,0.004921970307660273,True,O. tauri,Zoo_01,fgenesh1_pg.C_Chr_11.0001000193,WRKY,.
845,M07193_2.00,60,500,2422,27655,0.002658342977260696,0.4543758828553902,1.1701946448711795,0.004950341869315855,True,A. thaliana,OMalley2016,NAC043,NAC/NAM,.
846,M07242_2.00,47,500,1796,27655,0.002666132541255039,0.5334856538776909,1.3732551654073621,0.0049590065267343724,True,A. thaliana,OMalley2016,NAC101,NAC/NAM,.
847,M06891_2.00,41,500,1514,27655,0.0026750673093543366,0.5828709515735526,1.4995318632724437,0.004969778397284614,True,A. thaliana,OMalley2016,GATA4,GATA,.
848,M07164_2.00,61,500,2472,27655,0.002680781626398455,0.4487427465997122,1.1540490257315539,0.0049700861964420496,True,A. thaliana,OMalley2016,NAC007,NAC/NAM,.
849,M02659_2.00,62,500,2521,27655,0.0026815202565243948,0.4438843444695358,1.141501377631286,0.0049700861964420496,True,Triticum aestivum,JASPAR,EmBP-1,bZIP,.
850,M06809_2.00,43,500,1608,27655,0.002686061614891168,0.5646815004643698,1.4517306512308923,0.004972673785881659,True,A. thaliana,OMalley2016,IDD4,C2H2 ZF,.
851,M07396_2.00,54,500,2133,27655,0.0027069735176713755,0.48568768876409757,1.2470109084626275,0.0050055264695186485,True,A. thaliana,OMalley2016,WRKY46,WRKY,.
852,M07345_2.00,49,500,1894,27655,0.0027315653051051777,0.5169576655880239,1.325266681046144,0.005042405275327729,True,A. thaliana,OMalley2016,AT4G26030,Unknown,.
853,M07378_2.00,56,500,2231,27655,0.0027332962181884023,0.47334856075466414,1.2133406610984117,0.005042405275327729,True,A. thaliana,OMalley2016,WRKY6,WRKY,.
854,M01786_2.00,65,500,2672,27655,0.002751039471818936,0.4281319574956027,1.09623323790933,0.00506922308268734,True,A. thaliana,Zoo_01,TGA4,bZIP,.
855,M01994_2.00,44,500,1658,27655,0.00276119704981687,0.5536717640827473,1.416792116271806,0.005082016921723483,True,A. thaliana,Zoo_01,GATA10,GATA,.
856,M02049_2.00,46,500,1753,27655,0.0027729866166326,0.5374201122386754,1.374211294548871,0.00509778121034435,True,A. thaliana,Zoo_01,WOX13,Homeodomain,HD-WOX
857,M02553_2.00,82,500,3522,27655,0.0027874309664066127,0.36484124772807597,0.9320949163891811,0.0051183836909278226,True,A. thaliana,Zoo_01,WRKY21,WRKY,.
858,M01605_2.00,44,500,1660,27655,0.002812334789012701,0.5519325293442106,1.4079428922911499,0.005158122159430488,True,A. thaliana,Zoo_01,TEM1,AP2,B3
859,M02304_2.00,43,500,1615,27655,0.00286742808523286,0.5584147420620109,1.419773650451841,0.005253075090096351,True,A. thaliana,Zoo_01,AT5G04760,Myb/SANT,MYB-related
860,M02002_2.00,39,500,1430,27655,0.002925362959325539,0.5930712241376971,1.5027358726118227,0.005353007915154719,True,A. thaliana,Zoo_01,GATA9,GATA,.
861,M06961_2.00,31,500,1066,27655,0.002992915044606355,0.6856730245688999,1.7305739937817572,0.0054702874977140435,True,A. thaliana,OMalley2016,LBD19,LOB,.
862,M02358_2.00,35,500,1248,27655,0.0030054881741911,0.6333492350239188,1.59736059054873,0.005486924715238025,True,C. sativa,Zoo_01,PK29550.1,Myb/SANT,MYB-related
863,M06675_2.00,38,500,1387,27655,0.0030270018465746954,0.5996438780611832,1.5104953218191564,0.005519826896695034,True,A. thaliana,OMalley2016,ERF5,AP2,ERF
864,M02704_2.00,42,500,1574,27655,0.0030327875438050994,0.5615660342124744,1.4141120084889232,0.005524005883359288,True,Petunia x hybrida,JASPAR,myb.Ph3,Myb/SANT,R2R3-MYB
865,M07118_2.00,34,500,1204,27655,0.0030623212433892695,0.6433116014318381,1.617252719815258,0.005571380766166208,True,A. thaliana,OMalley2016,RVE4,Myb/SANT,MYB-related
866,M06894_2.00,37,500,1343,27655,0.003098518783077946,0.607678213142708,1.5245709734076704,0.0056307565471795775,True,A. thaliana,OMalley2016,GATA19,GATA,.
867,M00727_2.00,31,500,1070,27655,0.00313561725731936,0.6802696660395666,1.70317548537976,0.005691631324709424,True,A. thaliana,Chang2013,GATA4,GATA,.
868,M07348_2.00,27,500,892,27655,0.003147405474422494,0.7434560391843642,1.8601621785790468,0.005698704330403383,True,A. thaliana,OMalley2016,BEH2,BES1,.
869,M06617_2.00,38,500,1391,27655,0.0031503273780977593,0.5954892458425467,1.4897022850309423,0.005698704330403383,True,A. thaliana,OMalley2016,ERF4,AP2,ERF
870,M07225_2.00,42,500,1578,27655,0.003147541790061015,0.5579043697065024,1.3958926305093575,0.005698704330403383,True,A. thaliana,OMalley2016,ANAC076,NAC/NAM,.
871,M06758_2.00,70,500,2945,27655,0.0032594762714509744,0.39469953516834394,0.9815593979855203,0.005889407983044561,True,A. thaliana,OMalley2016,TGA7,bZIP,.
872,M07102_2.00,45,500,1726,27655,0.003321267452167842,0.5281047840919201,1.3090112953898256,0.005994205298946756,True,A. thaliana,OMalley2016,MYB55,Myb/SANT,R2R3-MYB
873,M02481_2.00,15,500,393,27655,0.003334775902221062,1.0779735302911124,2.670068582706924,0.006011722578576396,True,P. patens,Zoo_01,fgenesh1_pg.scaffold_252000020,SBP,.
874,M00869_2.00,38,500,1397,27655,0.0033427098931935254,0.5892796449753228,1.4589982468850444,0.00601916211974825,True,A. thaliana,Franco_Zorrilla2014,HSFB2A,HSF,.
875,M06790_2.00,41,500,1538,27655,0.003360453108332968,0.5601806535974576,1.385664074927053,0.006037359504857297,True,A. thaliana,OMalley2016,HY5,bZIP,.
876,M07100_2.00,40,500,1491,27655,0.003359724705416457,0.5693319895451204,1.4083544400399393,0.006037359504857297,True,A. thaliana,OMalley2016,RVE5,Myb/SANT,MYB-related
877,M07219_2.00,64,500,2652,27655,0.003374052201401575,0.41660337682861276,1.0297803081857504,0.006054910931232565,True,A. thaliana,OMalley2016,anac071,NAC/NAM,.
878,M06807_2.00,55,500,2210,27655,0.0033785433577718264,0.4609974961870663,1.1392495144145358,0.0060560964270263695,True,A. thaliana,OMalley2016,IDD5,C2H2 ZF,.
879,M07014_2.00,30,500,1032,27655,0.0034030375301836654,0.6851317771264647,1.690996527491608,0.0060930943773730185,True,A. thaliana,OMalley2016,MYB116,Myb/SANT,R2R3-MYB
880,M01213_2.00,50,500,1969,27655,0.00341695015067838,0.49007723081437154,1.2087075440288395,0.006111083923328642,True,C. sativa,TF_Evolution,PK01144.1,Dof,.
881,M06661_2.00,43,500,1635,27655,0.0034396466644468523,0.5406582712578534,1.3319041727321934,0.0061447247191982746,True,A. thaliana,OMalley2016,LEP,AP2,ERF
882,M06674_2.00,49,500,1922,27655,0.0034499692594705676,0.49578566028265836,1.2207159042315054,0.006156209254201995,True,A. thaliana,OMalley2016,ERF5,AP2,ERF
883,M07257_2.00,41,500,1541,27655,0.0034550374288702165,0.5573692950444988,1.371990851825896,0.006158302339395504,True,A. thaliana,OMalley2016,SPL9,SBP,.
884,M07211_2.00,56,500,2264,27655,0.003512167142700723,0.4521651161669223,1.1098052858318161,0.006253081365551625,True,A. thaliana,OMalley2016,anac058,NAC/NAM,.
885,M06659_2.00,29,500,990,27655,0.0035223455366982636,0.6961647171018008,1.7078090364187382,0.006264148811608499,True,A. thaliana,OMalley2016,AIL6,AP2,ANT
886,M07304_2.00,32,500,1126,27655,0.0035382897698533616,0.6524773248609709,1.5993567271539932,0.0062789178152865615,True,A. thaliana,OMalley2016,JGL,Unknown,.
887,M02662_2.00,58,500,2363,27655,0.0035385931520685175,0.441045518094926,1.0810772635292565,0.0062789178152865615,True,Nicotiana sp.,JASPAR,TGA1A,bZIP,.
888,M07067_2.00,49,500,1926,27655,0.0035636976449428624,0.4927862932129494,1.2063897055217814,0.006316374413289983,True,A. thaliana,OMalley2016,MYB83,Myb/SANT,R2R3-MYB
889,M01695_2.00,10,500,211,27655,0.003593362968601913,1.3902973431213779,3.398580342797976,0.006361821784277295,True,A. thaliana,Zoo_01,LEC2,B3,FUS
890,M06573_2.00,44,500,1688,27655,0.0036104184740805407,0.5278008668713126,1.2891232462194164,0.006384867569934379,True,A. thaliana,OMalley2016,ERF087,AP2,ERF
891,M06878_2.00,32,500,1128,27655,0.003616944444390625,0.6499170845424069,1.5868753540126783,0.006389261638638635,True,A. thaliana,OMalley2016,EIN3,EIN3,.
892,M06700_2.00,51,500,2030,27655,0.0037752443878462027,0.4746297668401573,1.1500539961680216,0.006660645613318805,True,A. thaliana,OMalley2016,HMGB10,ARID/BRIGHT-Sox,.
893,M07000_2.00,35,500,1270,27655,0.003779000072831732,0.6081386722266391,1.4732907951650092,0.006660645613318805,True,A. thaliana,OMalley2016,ATMYB13,Myb/SANT,R2R3-MYB
894,M07404_2.00,41,500,1551,27655,0.003785450872865463,0.5480374705231935,1.3272822965448954,0.006664585556793204,True,A. thaliana,OMalley2016,WRKY42,WRKY,.
895,M02565_2.00,72,500,3069,27655,0.0037918193307239726,0.3758405079170278,0.9099671341261336,0.006668371926445607,True,A. thaliana,Zoo_01,WRKY48,WRKY,.
896,M02291_2.00,27,500,907,27655,0.003803536694727734,0.7193971985761467,1.7408062541008744,0.0066815461270717195,True,A. thaliana,Zoo_01,AT1G74840,Myb/SANT,MYB-related
897,M07170_2.00,52,500,2080,27655,0.003816806334155519,0.4675403420538381,1.1306527510819566,0.006697414888235155,True,A. thaliana,OMalley2016,ANAC13,NAC/NAM,.
898,M06798_2.00,43,500,1647,27655,0.003823737341076884,0.5301083519169435,1.2815432743807886,0.006702138288517243,True,A. thaliana,OMalley2016,AT1G14580,C2H2 ZF,.
899,M07260_2.00,32,500,1134,27655,0.0038611013446213076,0.6422635119989717,1.5499673395398648,0.006760134247891791,True,A. thaliana,OMalley2016,SPL1,SBP,.
900,M02139_2.00,66,500,2772,27655,0.003871466205373039,0.39715101416244036,0.9579777023460136,0.006770783264042892,True,Zea mays,Zoo_01,GRMZM2G135447,Homeodomain,HD-KN
901,M06957_2.00,35,500,1274,27655,0.003934930763592516,0.6036018916298668,1.451700518821669,0.0068741718643533355,True,A. thaliana,OMalley2016,LBD13,LOB,.
902,M01997_2.00,37,500,1368,27655,0.00396911443596061,0.5810692876842524,1.3953253874495024,0.00691954157609694,True,A. thaliana,Zoo_01,GATA15,GATA,.
903,M07076_2.00,57,500,2330,27655,0.00397222560607849,0.43624421156429966,1.0474075603798245,0.00691954157609694,True,A. thaliana,OMalley2016,ATMYB65,Myb/SANT,R2R3-MYB
904,M07074_2.00,60,500,2478,27655,0.003974031468118926,0.42139856040911744,1.01168047333003,0.00691954157609694,True,A. thaliana,OMalley2016,AT3G11280,Myb/SANT,MYB-related
905,M02041_2.00,28,500,956,27655,0.004007564449767308,0.695956551018056,1.668291008867344,0.006970252359826309,True,A. thaliana,Zoo_01,ATHB-22,Homeodomain,HD-ZIP
906,M01902_2.00,93,500,4148,27655,0.004035964731901564,0.31042706923600627,0.743178743850136,0.007011934330919091,True,A. thaliana,Zoo_01,CSP4,CSD,.
907,M00973_2.00,57,500,2334,27655,0.004086529721143247,0.4337696053985942,1.0361217457577747,0.007091990657659137,True,A. thaliana,Lindemose2014,NAC029,NAC/NAM,.
908,M07185_2.00,67,500,2832,27655,0.004129691266812551,0.3879520773159756,0.9249097252828238,0.007159037163191493,True,A. thaliana,OMalley2016,SMB,NAC/NAM,.
909,M07180_2.00,44,500,1704,27655,0.004140117326020388,0.5141904353526594,1.2253093036118123,0.007169250265540234,True,A. thaliana,OMalley2016,NAC029,NAC/NAM,.
910,M06922_2.00,28,500,959,27655,0.0041522950949280536,0.6914363539806738,1.6468021160768802,0.007182471055887585,True,A. thaliana,OMalley2016,HAT1,Homeodomain,HD-ZIP
911,M01844_2.00,64,500,2685,27655,0.004204569283180269,0.3987620640684256,0.9475697141941299,0.007264944302413121,True,O. tauri,Zoo_01,300010272,bZIP,.
912,M01948_2.00,31,500,1098,27655,0.00428995313833873,0.643002408322877,1.5223387133527089,0.007404384183093376,True,A. thaliana,Zoo_01,DOF5.4,Dof,.
913,M06745_2.00,12,500,290,27655,0.0043302309658265785,1.1945218476474222,2.8232391738701876,0.007458830401813255,True,A. thaliana,OMalley2016,AT1G06070,bZIP,.
914,M06793_2.00,26,500,873,27655,0.004330933781698019,0.7200703114528524,1.7018274640034519,0.007458830401813255,True,A. thaliana,OMalley2016,TGA1,bZIP,.
915,M01096_2.00,31,500,1099,27655,0.004336514072941641,0.6416890763788445,1.5162209632584198,0.007460314199478492,True,C. sativa,TF_Evolution,PK03025.1,AP2,ERF
916,M01278_2.00,29,500,1010,27655,0.004440945993740373,0.6673098544296158,1.5698627871364927,0.0076316691479386195,True,C. sativa,TF_Evolution,PK07924.1,Myb/SANT,ARR-B
917,M06819_2.00,59,500,2446,27655,0.004477593579327096,0.41590279777565514,0.9769370931229616,0.007686292561255309,True,A. thaliana,OMalley2016,AT5G04390,C2H2 ZF,.
918,M02554_2.00,64,500,2696,27655,0.004513802475700421,0.3928636557593422,0.9214449880771117,0.007740045243039442,True,A. thaliana,Zoo_01,WRKY33,WRKY,.
919,M06941_2.00,21,500,658,27655,0.004564795451074283,0.8198420859847193,1.918904906169366,0.007819004992576858,True,A. thaliana,OMalley2016,HSFA6B,HSF,.
920,M02047_2.00,43,500,1668,27655,0.0045750982689313205,0.5118296181986348,1.1974763563135304,0.007828171388723396,True,A. thaliana,Zoo_01,HAT1,Homeodomain,HD-ZIP
921,M06667_2.00,46,500,1813,27655,0.004598358948744614,0.48886718325405537,1.142676751400346,0.00785946540320566,True,A. thaliana,OMalley2016,ERF003,AP2,DREB
922,M06684_2.00,43,500,1669,27655,0.00461350388357476,0.5109649522806996,1.1935983445497251,0.007876835464289089,True,A. thaliana,OMalley2016,ABR1,AP2,ERF
923,M07109_2.00,39,500,1479,27655,0.004641583255821387,0.5444643187043812,1.270417027794823,0.007916227753455893,True,A. thaliana,OMalley2016,AtMYB41,Myb/SANT,R2R3-MYB
924,M06782_2.00,36,500,1340,27655,0.004750693087231682,0.571376153038378,1.3274456626223383,0.008093583804863459,True,A. thaliana,OMalley2016,BZIP11,bZIP,.
925,M07326_2.00,39,500,1482,27655,0.004767430797766929,0.5415409234976151,1.2573040113638272,0.008113356395338552,True,A. thaliana,OMalley2016,ZHD6,Homeodomain,HD-ZF
926,M02558_2.00,50,500,2013,27655,0.004803075923658358,0.4581931697945857,1.0623119515253114,0.008165229070219208,True,A. thaliana,Zoo_01,WRKY29,WRKY,.
927,M07235_2.00,56,500,2308,27655,0.0048087459712737625,0.42439585035332206,0.9837360702789869,0.008166087412012694,True,A. thaliana,OMalley2016,NAC92,NAC/NAM,.
928,M06991_2.00,57,500,2358,27655,0.004826375449169581,0.41901044812617966,0.9705869596022213,0.008187231314524793,True,A. thaliana,OMalley2016,FLC,MADS box,.
929,M07213_2.00,40,500,1532,27655,0.00487138633690045,0.5301959499036057,1.2259972401962476,0.008254728615905265,True,A. thaliana,OMalley2016,NAC062,NAC/NAM,.
930,M07139_2.00,34,500,1250,27655,0.004919030540633579,0.5892188986420908,1.3599882077725312,0.008326538848759838,True,A. thaliana,OMalley2016,RVE6,Myb/SANT,MYB-related
931,M01079_2.00,39,500,1486,27655,0.004939243990810431,0.5376522552648527,1.2400086442542047,0.008342889689606081,True,A. thaliana,Stam_Arabidopsis,RVE5,Myb/SANT,MYB-related
932,M07153_2.00,39,500,1486,27655,0.004939243990810431,0.5376522552648527,1.2400086442542047,0.008342889689606081,True,A. thaliana,OMalley2016,MYB96,Myb/SANT,R2R3-MYB
933,M07217_2.00,61,500,2561,27655,0.0049625047249281075,0.3977142369066182,0.9164525449274482,0.008373233692754896,True,A. thaliana,OMalley2016,BRN2,NAC/NAM,.
934,M01101_2.00,36,500,1345,27655,0.0049788159359605245,0.5660029809395264,1.303433508571221,0.00839179956796758,True,C. sativa,TF_Evolution,PK24580.1,AP2,ERF
935,M01053_2.00,51,500,2067,27655,0.004985630353952658,0.44857110548724827,1.0327362507510143,0.008394336091159908,True,A. thaliana,Stam_Arabidopsis,TGA9,bZIP,.
936,M00892_2.00,53,500,2167,27655,0.005048577279534057,0.43590545341072623,1.0012011547685258,0.008491277318024832,True,A. thaliana,Franco_Zorrilla2014,TCP15,TCP,.
937,M00885_2.00,46,500,1825,27655,0.005054315370108036,0.4793496443434712,1.100748642167697,0.008491894367843577,True,A. thaliana,Franco_Zorrilla2014,NAC055,NAC/NAM,.
938,M01310_2.00,19,500,580,27655,0.005098780697024639,0.8574868603698516,1.965817496418962,0.00855750773035664,True,C. sativa,TF_Evolution,PK20442.1,Storekeeper,.
939,M08081_2.00,41,500,1586,27655,0.005137957731893459,0.5158433858553059,1.18087356540052,0.008614115773195714,True,A. thaliana,JASPAR,REF6,C2H2 ZF,.
940,M01609_2.00,33,500,1208,27655,0.005147655314087152,0.5954578169745751,1.3626400359653856,0.008621232046156556,True,A. thaliana,Zoo_01,RAV2,AP2,B3
941,M06802_2.00,36,500,1349,27655,0.005167211158003366,0.5617188054352453,1.2845069904228967,0.00864482628656436,True,A. thaliana,OMalley2016,STOP1,C2H2 ZF,.
942,M02660_2.00,40,500,1539,27655,0.005174333588906944,0.5236190155003526,1.1970692956822424,0.00864759133621763,True,Antirrhinum majus,JASPAR,bZIP910,bZIP,.
943,M02568_2.00,72,500,3122,27655,0.005197797325842651,0.3511386164056038,0.8020640360997379,0.008677632071971733,True,A. thaliana,Zoo_01,WRKY51,WRKY,.
944,M07247_2.00,24,500,799,27655,0.0052165551538424035,0.7323792447343799,1.6717407260318502,0.0086997612850473,True,A. thaliana,OMalley2016,AT2G01818,PLATZ,.
945,M02684_2.00,22,500,711,27655,0.005225092212049198,0.7751943059590823,1.7689205695243453,0.00870481642492074,True,A. thaliana,JASPAR,ATHB-5,Homeodomain,HD-ZIP
946,M06791_2.00,49,500,1976,27655,0.005245019028237531,0.4558110494717312,1.039364481952356,0.008728815877519513,True,A. thaliana,OMalley2016,AtbZIP3,bZIP,.
947,M11071_2.00,11,500,261,27655,0.005301564392721165,1.2209940590086132,2.778489146997679,0.00880865015713979,True,Petunia x hybrida,Transfac,myb.Ph3,Myb/SANT,R2R3-MYB
948,M06705_2.00,88,500,3944,27655,0.005304133427955143,0.30345621920058613,0.6904798991353412,0.00880865015713979,True,A. thaliana,OMalley2016,VRN1,B3,REM
949,M07072_2.00,38,500,1447,27655,0.0053247535549704435,0.5385467438530613,1.224493994218832,0.008826359392288036,True,A. thaliana,OMalley2016,AT3G10580,Myb/SANT,MYB-related
950,M02566_2.00,54,500,2224,27655,0.005325962593448948,0.42541486638116144,0.9672240434408004,0.008826359392288036,True,A. thaliana,Zoo_01,WRKY27,WRKY,.
951,M06740_2.00,39,500,1496,27655,0.005389274813888674,0.5279761959158121,1.1976979869031508,0.008921930346343449,True,A. thaliana,OMalley2016,BIM1,bHLH,.
952,M07360_2.00,34,500,1260,27655,0.005417137900011899,0.5777232598042611,1.3092538459014469,0.008958676799078255,True,A. thaliana,OMalley2016,ATMYB119,C2H2 ZF,.
953,M07119_2.00,59,500,2477,27655,0.005493686717833389,0.3977333330566786,0.8989314682804534,0.009075777116922245,True,A. thaliana,OMalley2016,AT5G05790,Myb/SANT,MYB
954,M06762_2.00,44,500,1739,27655,0.005505821238307698,0.4848578382719107,1.0953801096091573,0.009086329204347047,True,A. thaliana,OMalley2016,BZIP2,bZIP,.
955,M07401_2.00,47,500,1885,27655,0.005512934707757862,0.4637084804628114,1.0473399270565624,0.009088581619358894,True,A. thaliana,OMalley2016,WRKY22,WRKY,.
956,M07069_2.00,34,500,1263,27655,0.0055737089631606425,0.5742923544039877,1.294372103420607,0.009179201948705184,True,A. thaliana,OMalley2016,RVE8,Myb/SANT,MYB-related
957,M06586_2.00,46,500,1838,27655,0.0055859307259735385,0.4691093417091789,1.0568585255902325,0.009189757000795176,True,A. thaliana,OMalley2016,ERF8,AP2,ERF
958,M06993_2.00,36,500,1358,27655,0.005610699034987837,0.5521256741387809,1.2428255211350683,0.009220909744610987,True,A. thaliana,OMalley2016,AGL15,MADS box,.
959,M07238_2.00,55,500,2283,27655,0.005679445627899187,0.41411300624115843,0.9299711157222388,0.00932419889689368,True,A. thaliana,OMalley2016,anac096,NAC/NAM,.
960,M06585_2.00,42,500,1647,27655,0.0057151008047875975,0.49616101999360623,1.1128773120658197,0.009373002460963892,True,A. thaliana,OMalley2016,ERF3,AP2,ERF
961,M07246_2.00,56,500,2339,27655,0.00592049678434788,0.4051472126463771,0.902522886476524,0.00967973672808066,True,A. thaliana,OMalley2016,NAC105,NAC/NAM,.
962,M01293_2.00,20,500,633,27655,0.0059197626211976665,0.8053348424002216,1.7940409718105288,0.00967973672808066,True,C. sativa,TF_Evolution,PK27085.1,NAC/NAM,.
963,M01292_2.00,38,500,1459,27655,0.00591089503530133,0.5266317824668949,1.1735182223352398,0.00967973672808066,True,C. sativa,TF_Evolution,PK26618.1,NAC/NAM,.
964,M01046_2.00,60,500,2539,27655,0.005927229079234756,0.38631435290221344,0.8603793495234856,0.009680732618047675,True,A. thaliana,Stam_Arabidopsis,RAP2-12,AP2,ERF
965,M02550_2.00,74,500,3249,27655,0.005984438411246684,0.3331417742406668,0.7405663680186944,0.009764083723613011,True,A. thaliana,Zoo_01,WRKY17,WRKY,.
966,M07216_2.00,54,500,2242,27655,0.006016757329791208,0.4137853762992424,0.9188673253368255,0.009806694163298867,True,A. thaliana,OMalley2016,NAC69,NAC/NAM,.
967,M07122_2.00,32,500,1178,27655,0.006060047973032537,0.5873446131107398,1.3024507393248497,0.009867081200169353,True,A. thaliana,OMalley2016,SRM1,Myb/SANT,MYB-related
968,M01995_2.00,36,500,1367,27655,0.006082033567251296,0.5425959107774528,1.2023660526993485,0.009892690401053806,True,A. thaliana,Zoo_01,GATA11,GATA,.
969,M06754_2.00,17,500,507,27655,0.006103593822275395,0.8910893411881994,1.973241046731817,0.009917555840716751,True,A. thaliana,OMalley2016,VIP1,bZIP,.
970,M07324_2.00,33,500,1226,27655,0.006125023235006991,0.5741192926088725,1.2704641386341655,0.00994215783834297,True,A. thaliana,OMalley2016,AGL95,MADS box,.
971,M07117_2.00,28,500,994,27655,0.006151779563948264,0.6397213174365184,1.414423343436555,0.009975347169848416,True,A. thaliana,OMalley2016,RVE4,Myb/SANT,MYB-related
972,M07131_2.00,36,500,1369,27655,0.006190641019754537,0.5404867071256132,1.1935375426359296,0.010028077307614675,True,A. thaliana,OMalley2016,MYB56,Myb/SANT,R2R3-MYB
973,M06980_2.00,41,500,1610,27655,0.006257318800350972,0.4941754685573051,1.0889708531878386,0.01011600961728904,True,A. thaliana,OMalley2016,AT5G47660,Trihelix,MADF
974,M02326_2.00,55,500,2298,27655,0.00627051829534678,0.40466506781974687,0.8913543531152885,0.01011600961728904,True,Oryza sativa,Zoo_01,OS01G0708000,Myb/SANT,MYB-related
975,M07368_2.00,54,500,2248,27655,0.006261090895883711,0.409929618883743,0.9032184221865663,0.01011600961728904,True,A. thaliana,OMalley2016,ERF122,AP2,ERF
976,M01154_2.00,68,500,2952,27655,0.006268734374819233,0.34945427213114405,0.7697849059121565,0.01011600961728904,True,C. sativa,TF_Evolution,PK05128.1,bZIP,.
977,M01636_2.00,33,500,1229,27655,0.006300434461729,0.5705933559269926,1.2556645725184958,0.010153911196731447,True,Oryza sativa,Zoo_01,OS05G0497200,AP2,ERF
978,M06606_2.00,47,500,1904,27655,0.006342045799246369,0.4492395253108942,0.9873254327794355,0.01020118854162687,True,A. thaliana,OMalley2016,AT2G33710,AP2,ERF
979,M07376_2.00,46,500,1855,27655,0.0063426744695883695,0.4558269214900477,1.0017833960127585,0.01020118854162687,True,A. thaliana,OMalley2016,WRKY14,WRKY,.
980,M02349_2.00,24,500,815,27655,0.006349619611680192,0.703774688543917,1.546370546977303,0.010201980290717868,True,C. sativa,Zoo_01,PK06182.1,Myb/SANT,R2R3-MYB
981,M01266_2.00,58,500,2453,27655,0.006477143019531902,0.3871179135111707,0.8472526581185403,0.010375357590063685,True,A. thaliana,TF_Evolution,TRP5,Myb/SANT,MYB-related
982,M07245_2.00,55,500,2303,27655,0.006477215649204843,0.4015294546730145,0.8787920397137368,0.010375357590063685,True,A. thaliana,OMalley2016,NAC105,NAC/NAM,.
983,M06715_2.00,62,500,2654,27655,0.006473755247238641,0.3697120919578823,0.8092419921544237,0.010375357590063685,True,A. thaliana,OMalley2016,BPC1,BBR,.
984,M02261_2.00,31,500,1139,27655,0.006535070380735196,0.5901127156199639,1.2892485966146705,0.010457435497917352,True,A. thaliana,Zoo_01,LBD4,LOB,.
985,M07208_2.00,53,500,2205,27655,0.006545302048771872,0.41082595105951675,0.8972727610882084,0.010463217936408826,True,A. thaliana,OMalley2016,anac057,NAC/NAM,.
986,M01316_2.00,46,500,1861,27655,0.0066269486289342065,0.451168052939062,0.9829536992384525,0.010583036143782807,True,C. sativa,TF_Evolution,PK13314.1,TCP,.
987,M07101_2.00,43,500,1715,27655,0.006658965575013119,0.4717403305831236,1.0267868099984458,0.01062343549353758,True,A. thaliana,OMalley2016,RVE5,Myb/SANT,MYB-related
988,M07200_2.00,53,500,2208,27655,0.0066759286629085954,0.4088644347262306,0.8894797992323038,0.010639761306510575,True,A. thaliana,OMalley2016,ANAC050,NAC/NAM,.
989,M02696_2.00,37,500,1426,27655,0.00670775065819653,0.5211635361262621,1.132708862793258,0.010679711773019853,True,A. thaliana,JASPAR,SEP1,MADS box,.
990,M06780_2.00,35,500,1331,27655,0.006735697768810377,0.5404565979742751,1.1736649563712445,0.010713418684596788,True,A. thaliana,OMalley2016,BZIP53,bZIP,.
991,M07230_2.00,56,500,2361,27655,0.00681743536189882,0.39164103277016193,0.8484428975896584,0.010832527946896516,True,A. thaliana,OMalley2016,NAC083,NAC/NAM,.
992,M01646_2.00,45,500,1816,27655,0.006824337676815703,0.45477304597996027,0.98501090012664,0.010832608300246613,True,A. thaliana,Zoo_01,RAV1,AP2,B3
993,M02725_2.00,57,500,2413,27655,0.006898339281769478,0.385746250890191,0.833696186857034,0.010939091679516094,True,Pisum sativum,JASPAR,PEND,Unknown,.
994,M06966_2.00,36,500,1382,27655,0.006931715142361005,0.5268515379952543,1.1375563942138687,0.010981003647367484,True,A. thaliana,OMalley2016,LOB,LOB,.
995,M06890_2.00,29,500,1052,27655,0.006952548901195434,0.6085304427764702,1.3131210353718026,0.011002982795585568,True,A. thaliana,OMalley2016,GATA6,GATA,.
996,M07051_2.00,56,500,2365,27655,0.0069905331705421275,0.38919889077204706,0.8389141999956427,0.011045599401253362,True,A. thaliana,OMalley2016,MYB101,Myb/SANT,R2R3-MYB
997,M07269_2.00,55,500,2315,27655,0.006993450348295139,0.3940316723182614,0.8492598142527309,0.011045599401253362,True,A. thaliana,OMalley2016,HMGB13,HMGBox,.
998,M06575_2.00,39,500,1528,27655,0.007036329024905304,0.49744182776770035,1.0708200710424607,0.011102231724925435,True,A. thaliana,OMalley2016,ERF11,AP2,ERF
999,M01621_2.00,28,500,1007,27655,0.007051938153449501,0.62097539099202,1.3361474737255088,0.011115766919844129,True,A. thaliana,Zoo_01,ERF6,AP2,ERF
1000,M06985_2.00,39,500,1529,27655,0.007093098665070355,0.4964979644426443,1.067055550791197,0.011169510945693458,True,A. thaliana,OMalley2016,SVP,MADS box,.
1001,M02365_2.00,32,500,1195,27655,0.007120998188507454,0.5666735340730895,1.2169082514764948,0.011202286702517697,True,O. tauri,Zoo_01,estExt_fgenesh1_pg.C_Chr_03.00010215,Myb/SANT,MYB-related
1002,M07177_2.00,42,500,1676,27655,0.0071698371743174755,0.4709794260206092,1.010011002274299,0.011267905141745456,True,A. thaliana,OMalley2016,NAC018,NAC/NAM,.
1003,M07186_2.00,39,500,1532,27655,0.007265395420937564,0.49367007387849177,1.0558323011657642,0.01140673728356892,True,A. thaliana,OMalley2016,NAC035,NAC/NAM,.
1004,M02653_2.00,28,500,1010,27655,0.007272606693129331,0.6166837813596477,1.3186610340465528,0.01140673728356892,True,A. thaliana,JASPAR,LEC2,B3,FUS
1005,M01070_2.00,50,500,2073,27655,0.007331281299960365,0.41582022560651044,0.8877013824191784,0.011487369410542455,True,A. thaliana,Stam_Arabidopsis,TRB1,Myb/SANT,MYB-related
1006,M00859_2.00,35,500,1341,27655,0.0073487949928383815,0.5296579319816933,1.1301755507339943,0.011503410775918299,True,A. thaliana,Franco_Zorrilla2014,AT4G35610,C2H2 ZF,.
1007,M06955_2.00,37,500,1438,27655,0.007415130361710493,0.5090738421308525,1.0842668105788973,0.011595767657630355,True,A. thaliana,OMalley2016,LBD6,LOB,.
1008,M07412_2.00,29,500,1059,27655,0.007455671284702934,0.5989625580764363,1.2743007773455486,0.011647644566319504,True,A. thaliana,OMalley2016,WRKY7,WRKY,.
1009,M01951_2.00,1,500,372,27655,0.0074787250377454225,-2.749690374166831,-5.846315874824302,0.011672126638376617,True,P. patens,Zoo_01,e_gw1.149.93.1,Dof,.
1010,M01075_2.00,40,500,1585,27655,0.007527563025094019,0.4811294068017932,1.0216040087882572,0.011736762468119964,True,A. thaliana,Stam_Arabidopsis,AT3G11280,Myb/SANT,MYB-related
1011,M07184_2.00,46,500,1879,27655,0.007535301650354389,0.4372810415781579,0.9283036422081348,0.011737253112522453,True,A. thaliana,OMalley2016,SMB,NAC/NAM,.
1012,M00717_2.00,56,500,2378,27655,0.007574881717722139,0.38129035925314886,0.808573541824748,0.011787291334368802,True,A. thaliana,Chang2013,RAP2-6,AP2,ERF
1013,M06964_2.00,27,500,969,27655,0.007682939460041665,0.624003083689588,1.3194374158808073,0.011943684647321408,True,A. thaliana,OMalley2016,LBD23,LOB,.
1014,M07218_2.00,43,500,1735,27655,0.007729682737104083,0.4550132441776753,0.9609144102691465,0.012004546569117442,True,A. thaliana,OMalley2016,BRN2,NAC/NAM,.
1015,M06712_2.00,59,500,2534,27655,0.007793876902614629,0.3649106771622322,0.7693216425355667,0.012092364458325542,True,A. thaliana,OMalley2016,AT5G60130,B3,REM
1016,M02286_2.00,47,500,1934,27655,0.007831699605320876,0.42668520914199687,0.8986604840757357,0.012139134388247359,True,A. thaliana,Zoo_01,RVE7,Myb/SANT,MYB-related
1017,M07197_2.00,41,500,1640,27655,0.007896791363309674,0.4675403420538383,0.9830266357787187,0.0122280383402474,True,A. thaliana,OMalley2016,anac046,NAC/NAM,.
1018,M02480_2.00,11,500,278,27655,0.007917290700804873,1.12995898285499,2.374522257427582,0.01224778532091243,True,P. patens,Zoo_01,fgenesh1_pg.scaffold_194000034,SBP,.
1019,M11037_2.00,17,500,524,27655,0.007950027334848321,0.8435082766540899,1.7710564453428403,0.012274407437885933,True,A. thaliana,Transfac,CDC5,Myb/SANT,MYB3R
1020,M02698_2.00,17,500,524,27655,0.007950027334848321,0.8435082766540899,1.7710564453428403,0.012274407437885933,True,A. thaliana,JASPAR,CDC5,Myb/SANT,MYB3R
1021,1.AIL6-MEME,28,500,1019,27655,0.00796453227507328,0.6038850228329908,1.2674578743371538,0.01228480539208864,True,.,.,1.AIL6-MEME,.,.
1022,M01969_2.00,34,500,1304,27655,0.008064740822520714,0.5282031239604625,1.1057454825369597,0.012427246823007065,True,O. tauri,Zoo_01,estExt_gwp_GeneWisePlus.C_Chr_02.00010270,E2F,.
1023,M02279_2.00,20,500,656,27655,0.008088531415915175,0.7538445272104791,1.5771409944793393,0.012451770368609437,True,Manihot esculenta,Zoo_01,cassava13991.valid.m1,Trihelix,MADF
1024,M06945_2.00,23,500,791,27655,0.008143456411415709,0.6854965085254215,1.4321332896135903,0.012511957809959413,True,A. thaliana,OMalley2016,HSFB2B,HSF,.
1025,M06946_2.00,23,500,791,27655,0.008143456411415709,0.6854965085254215,1.4321332896135903,0.012511957809959413,True,A. thaliana,OMalley2016,HSFB2B,HSF,.
1026,2.ANT-MEME,24,500,837,27655,0.008189976578978858,0.665347125112013,1.388391383221747,0.012571216477053955,True,.,.,2.ANT-MEME,.,.
1027,M08424_2.00,46,500,1892,27655,0.00824442065741892,0.4273340196588183,0.8904956625011146,0.012642511211813107,True,A. thaliana,JASPAR,SVP,MADS box,.
1028,M06879_2.00,39,500,1550,27655,0.008362821827651893,0.47681815564184915,0.9906598849444428,0.01281164855573415,True,A. thaliana,OMalley2016,EIN3,EIN3,.
1029,M01268_2.00,36,500,1405,27655,0.008397217681475172,0.5030390232752243,1.0442408950162798,0.01284423608458223,True,A. thaliana,TF_Evolution,AT1G14600,Myb/SANT,G2-like
1030,M07349_2.00,73,500,3263,27655,0.008400341626475665,0.3073097237293533,0.637883731337367,0.01284423608458223,True,A. thaliana,OMalley2016,FRS9,FAR1,.
1031,M06645_2.00,35,500,1359,27655,0.008551943405274239,0.5104217131187758,1.0555190181370713,0.01306340340457833,True,A. thaliana,OMalley2016,CRF4,AP2,ERF
1032,2.MYB3-MEME,44,500,1799,27655,0.008588481628035997,0.4359205843270154,0.9006483741155052,0.013106553526954548,True,.,.,2.MYB3-MEME,.,.
1033,M07083_2.00,60,500,2603,27655,0.00865430666205675,0.3503994361456068,0.7227926459191228,0.013194270812643898,True,A. thaliana,OMalley2016,PHL6,Myb/SANT,G2-like
1034,M07189_2.00,49,500,2049,27655,0.0086806098532887,0.4034740120451621,0.8317414063218718,0.013221622522205623,True,A. thaliana,OMalley2016,ANAC038,NAC/NAM,.
1035,M07428_2.00,29,500,1075,27655,0.008703156686010733,0.5773284875919499,1.1894832756498803,0.013243205698347417,True,A. thaliana,OMalley2016,WRKY8,WRKY,.
1036,M07369_2.00,24,500,843,27655,0.008751891334883395,0.6550421167202746,1.348009916452263,0.013304557885048699,True,A. thaliana,OMalley2016,AtGRF6,WRC,.
1037,M06937_2.00,29,500,1076,27655,0.008785725976149015,0.5759870695121485,1.1843574835446653,0.013340976064602843,True,A. thaliana,OMalley2016,HSFB3,HSF,.
1038,M06668_2.00,49,500,2051,27655,0.00879272426269207,0.40206650457655674,0.8265990966825388,0.013340976064602843,True,A. thaliana,OMalley2016,ERF003,AP2,DREB
1039,M06813_2.00,59,500,2558,27655,0.008941323883124217,0.3513109374214046,0.7196949446654932,0.013553435339615904,True,A. thaliana,OMalley2016,AT3G46070,C2H2 ZF,.
1040,M00879_2.00,51,500,2155,27655,0.009006300087717627,0.3884216249362355,0.7944984058178538,0.013638850994905714,True,A. thaliana,Franco_Zorrilla2014,RVE1,Myb/SANT,MYB-related
1041,M06671_2.00,34,500,1319,27655,0.009148963540076903,0.5117024289399953,1.0431709520754886,0.0138416376620685,True,A. thaliana,OMalley2016,ERF9,AP2,ERF
1042,M07346_2.00,20,500,666,27655,0.009189368910455948,0.7320181647573005,1.4909118736972355,0.01388947633597596,True,A. thaliana,OMalley2016,AT4G27900,Unknown,.
1043,M07258_2.00,27,500,987,27655,0.009213483946074765,0.5974496646482714,1.216154268199652,0.01389934934994676,True,A. thaliana,OMalley2016,SPL9,SBP,.
1044,M07305_2.00,31,500,1176,27655,0.009212181106183107,0.5439924024917113,1.1073713519853663,0.01389934934994676,True,A. thaliana,OMalley2016,ZHD14,Homeodomain,HD-ZF
1045,M07078_2.00,33,500,1272,27655,0.009234541155695922,0.5209796010152986,1.059977114212707,0.01391783562169233,True,A. thaliana,OMalley2016,ATY53,Myb/SANT,R2R3-MYB
1046,M06887_2.00,58,500,2517,27655,0.009446909558373899,0.3499599309077932,0.7085674565446912,0.014224346677894413,True,A. thaliana,OMalley2016,GATA1,GATA,.
1047,M01065_2.00,29,500,1084,27655,0.009466153088207219,0.5653003907149011,1.1440698978076096,0.014239760259234647,True,A. thaliana,Stam_Arabidopsis,ATHB-4,Homeodomain,HD-ZIP
1048,M00847_2.00,28,500,1038,27655,0.00957698452176443,0.5772326306409239,1.1653006187977544,0.014392787575009091,True,A. thaliana,Franco_Zorrilla2014,RAP2-3,AP2,ERF
1049,M02138_2.00,56,500,2419,27655,0.009641854194776013,0.35662830501887977,0.7189054027680899,0.014476516127199314,True,Zea mays,Zoo_01,GRMZM2G087741,Homeodomain,HD-KN
1050,M07138_2.00,34,500,1326,27655,0.009688145168413464,0.5040662180789525,1.0150680658715436,0.014532217752620197,True,A. thaliana,OMalley2016,RVE6,Myb/SANT,MYB-related
1051,M02375_2.00,29,500,1087,27655,0.009730496413435952,0.5613132070414637,1.129286397019315,0.014568101164433939,True,A. thaliana,Zoo_01,NAC100,NAC/NAM,.
1052,M07002_2.00,42,500,1718,27655,0.009723453362344946,0.43527153858149736,0.8758444514206729,0.014568101164433939,True,A. thaliana,OMalley2016,MYB61,Myb/SANT,R2R3-MYB
1053,M01163_2.00,26,500,947,27655,0.009851732803771215,0.6026875396139078,1.2092849396060603,0.014721729265370785,True,C. sativa,TF_Evolution,PK27109.1,bZIP,.
1054,M01619_2.00,28,500,1041,27655,0.009850880016338779,0.5730690056993875,1.1498772698139093,0.014721729265370785,True,A. thaliana,Zoo_01,ERF1B,AP2,ERF
1055,M07068_2.00,41,500,1671,27655,0.009889714043526203,0.44052442349809623,0.8831705296423755,0.014764530597558948,True,A. thaliana,OMalley2016,MYB1,Myb/SANT,R2R3-MYB
1056,M07237_2.00,48,500,2020,27655,0.009920268877827931,0.39429136002319964,0.7899534962837272,0.014782229119553212,True,A. thaliana,OMalley2016,anac096,NAC/NAM,.
1057,M07240_2.00,48,500,2020,27655,0.009920268877827931,0.39429136002319964,0.7899534962837272,0.014782229119553212,True,A. thaliana,OMalley2016,NAC098,NAC/NAM,.
1058,M01221_2.00,38,500,1524,27655,0.009934337366154745,0.46374876289146394,0.92882435533819,0.01478925364961455,True,C. sativa,TF_Evolution,PK20317.1,Dof,.
1059,M06896_2.00,33,500,1282,27655,0.010034611808876126,0.509682009680913,1.0185992025805144,0.014924479087331285,True,A. thaliana,OMalley2016,GATA12,GATA,.
1060,M06926_2.00,34,500,1331,27655,0.010086406565158228,0.4986364222796481,0.9954097046181976,0.014979189558388648,True,A. thaliana,OMalley2016,HAT22,Homeodomain,HD-ZIP
1061,M00976_2.00,43,500,1773,27655,0.010090345907453453,0.42375637074460987,0.8458575259873234,0.014979189558388648,True,A. thaliana,Lindemose2014,NAC055,NAC/NAM,.
1062,M06658_2.00,42,500,1724,27655,0.010133372763125675,0.43024180063086287,0.8580079818660478,0.015028951537055996,True,A. thaliana,OMalley2016,ERF115,AP2,ERF
1063,M02523_2.00,46,500,1924,27655,0.010185916029980376,0.4031373092281714,0.803049483036943,0.015092720940392665,True,A. thaliana,Zoo_01,TCX5,TCR/CxC,.
1064,M01269_2.00,32,500,1237,27655,0.010305423121845373,0.5168386519648307,1.0269243790927434,0.015226985005268725,True,A. thaliana,TF_Evolution,AT1G49010,Myb/SANT,MYB-related
1065,M06593_2.00,51,500,2177,27655,0.010288450282218201,0.3737680867244895,0.742920151317693,0.015226985005268725,True,A. thaliana,OMalley2016,ERF021,AP2,DREB
1066,M01249_2.00,32,500,1237,27655,0.010305423121845373,0.5168386519648307,1.0269243790927434,0.015226985005268725,True,C. sativa,TF_Evolution,PK19166.1,Homeodomain,HD-PHD
1067,M02532_2.00,46,500,1926,27655,0.010316678649283586,0.40163840515475413,0.7978386652380722,0.015229382767990057,True,C. sativa,Zoo_01,PK22848.1,TCR/CxC,.
1068,M01632_2.00,26,500,954,27655,0.010552135340322094,0.5920626990767809,1.170306445889915,0.01556243094500861,True,A. thaliana,Zoo_01,ERF105,AP2,ERF
1069,M07090_2.00,37,500,1485,27655,0.010699669420436552,0.46267458688202207,0.9117602546651694,0.015765309742507165,True,A. thaliana,OMalley2016,MYB30,Myb/SANT,R2R3-MYB
1070,M07352_2.00,43,500,1783,27655,0.010784910996995734,0.4156422040183033,0.8176444584583952,0.015871337481755548,True,A. thaliana,OMalley2016,AT5G08750,Unknown,.
1071,M06979_2.00,44,500,1833,27655,0.01079170638386288,0.4089089850386119,0.8042871223964098,0.015871337481755548,True,A. thaliana,OMalley2016,AT5G05550,Trihelix,MADF
1072,M07009_2.00,26,500,957,27655,0.010862445172051363,0.5875330405962671,1.1539574306680742,0.015960525852242755,True,A. thaliana,OMalley2016,RVE7,Myb/SANT,MYB-related
1073,M07183_2.00,54,500,2339,27655,0.010890194815126198,0.35267979275224154,0.6922978605131319,0.01598644197095127,True,A. thaliana,OMalley2016,NAC031,NAC/NAM,.
1074,M06595_2.00,34,500,1342,27655,0.011001483842716542,0.48676232199135644,0.9533477298498141,0.01613482927211025,True,A. thaliana,OMalley2016,HRE1,AP2,ERF
1075,M06626_2.00,22,500,773,27655,0.011115477447969483,0.6545754516536503,1.2790874821862661,0.01628690439781256,True,A. thaliana,OMalley2016,ERF1B,AP2,ERF
1076,M07188_2.00,54,500,2343,27655,0.01113496465864832,0.35021470024153334,0.6840782813406524,0.016300351041965738,True,A. thaliana,OMalley2016,ANAC038,NAC/NAM,.
1077,M07032_2.00,34,500,1345,27655,0.011260395268348367,0.48354082074755345,0.9421533542161363,0.0164575858655128,True,A. thaliana,OMalley2016,MYB105,Myb/SANT,R2R3-MYB
1078,M07070_2.00,35,500,1394,27655,0.011273602461954689,0.4737366080177438,0.9228092013907917,0.0164575858655128,True,A. thaliana,OMalley2016,RVE8,Myb/SANT,MYB-related
1079,M06889_2.00,36,500,1443,27655,0.011273499057078064,0.46453785389231456,0.9048924557523068,0.0164575858655128,True,A. thaliana,OMalley2016,GATA14,GATA,.
1080,M06729_2.00,17,500,549,27655,0.011339414018416094,0.7762689391863413,1.5101608816696548,0.016538388895863326,True,A. thaliana,OMalley2016,AT2G18300,bHLH,.
1081,M06990_2.00,42,500,1741,27655,0.011357503668365835,0.4160853720688597,0.8091683440473627,0.016549505345333074,True,A. thaliana,OMalley2016,FLC,MADS box,.
1082,M07317_2.00,36,500,1445,27655,0.011441066475533944,0.46253966099547156,0.8980362427514293,0.01662529972226026,True,A. thaliana,OMalley2016,ZHD5,Homeodomain,HD-ZF
1083,M07282_2.00,12,500,336,27655,0.011426356576963337,0.9821135148835966,1.9073550235221068,0.01662529972226026,True,A. thaliana,OMalley2016,TCP9,TCP,.
1084,M01087_2.00,36,500,1445,27655,0.011441066475533944,0.46253966099547156,0.8980362427514293,0.01662529972226026,True,A. thaliana,Stam_Arabidopsis,TCX3,TCR/CxC,.
1085,M00884_2.00,56,500,2451,27655,0.011497497819135194,0.3376685901319651,0.654873337283963,0.016691959643758258,True,A. thaliana,Franco_Zorrilla2014,anac046,NAC/NAM,.
1086,M09780_2.00,24,500,870,27655,0.011615845634953334,0.6095593469262662,1.179466351195346,0.016848304540239653,True,A. thaliana,Transfac,PIF3,bHLH,.
1087,M06611_2.00,36,500,1448,27655,0.011695489618721749,0.4595475513003074,0.8878374098604463,0.01694827597360136,True,A. thaliana,OMalley2016,DREB2C,AP2,DREB
1088,M02044_2.00,29,500,1109,27655,0.011824899703102354,0.5324057819070628,1.0260537721089569,0.017120115778942145,True,A. thaliana,Zoo_01,HAT3.1,Homeodomain,HD-PHD
1089,M07367_2.00,41,500,1698,27655,0.01188354579036991,0.4173996980062457,0.8035169398950734,0.01718928261168786,True,A. thaliana,OMalley2016,ZHD1,Homeodomain,HD-ZF
1090,M01788_2.00,60,500,2666,27655,0.01207963333499761,0.3158979674607457,0.6058753214683099,0.01744100484258559,True,A. thaliana,Zoo_01,TGA1,bZIP,.
1091,M06756_2.00,31,500,1208,27655,0.012076260520303946,0.505260008002997,0.9691228138119621,0.01744100484258559,True,A. thaliana,OMalley2016,BZIP44,bZIP,.
1092,M06663_2.00,42,500,1751,27655,0.012121113823601003,0.4078224912864031,0.7815744600630503,0.017484927878752905,True,A. thaliana,OMalley2016,ERF086,AP2,ERF
1093,M07233_2.00,41,500,1702,27655,0.012199674748293638,0.4140051198733217,0.7922616212271818,0.017567971263005383,True,A. thaliana,OMalley2016,ANAC087,NAC/NAM,.
1094,M06954_2.00,25,500,922,27655,0.012200906038443966,0.5847016862865873,1.1188897762239962,0.017567971263005383,True,A. thaliana,OMalley2016,LBD2,LOB,.
1095,M07229_2.00,41,500,1703,27655,0.012279545580088293,0.41315772188074185,0.7894690897234508,0.01766511516116432,True,A. thaliana,OMalley2016,NAC079,NAC/NAM,.
1096,M07320_2.00,45,500,1904,27655,0.012298380445027202,0.3865037699629315,0.7382809787208666,0.017676126803261822,True,A. thaliana,OMalley2016,GT-2,Trihelix,.
1097,M06646_2.00,39,500,1604,27655,0.01233717458820061,0.42741222934852857,0.8158377484568236,0.017699703288516486,True,A. thaliana,OMalley2016,CRF4,AP2,ERF
1098,M11070_2.00,18,500,600,27655,0.012332667364214307,0.7305747478876318,1.3946255378798944,0.017699703288516486,True,Petunia x hybrida,Transfac,myb.Ph3,Myb/SANT,R2R3-MYB
1099,M02298_2.00,12,500,341,27655,0.012503348227698073,0.9608030086381844,1.8283828305928504,0.017921843651850095,True,A. thaliana,Zoo_01,MYB94,Myb/SANT,R2R3-MYB
1100,M01072_2.00,21,500,738,27655,0.01253974225665061,0.6543088536595648,1.2443065995520397,0.017957728720801282,True,A. thaliana,Stam_Arabidopsis,MYB57,Myb/SANT,R2R3-MYB
1101,M07252_2.00,19,500,647,27655,0.01261317887777629,0.6997740483922783,1.3289936898532133,0.01804654824051069,True,A. thaliana,OMalley2016,S1FA3,S1FA,.
1102,M07232_2.00,50,500,2163,27655,0.012705694113367411,0.3545066767539467,0.6721452279008201,0.018162479559885963,True,A. thaliana,OMalley2016,ANAC087,NAC/NAM,.
1103,M02265_2.00,15,500,470,27655,0.0127930573402438,0.8198420859847193,1.5519821006219034,0.01827084341005009,True,A. thaliana,Zoo_01,GT-4,Trihelix,MADF
1104,M06971_2.00,31,500,1217,27655,0.012977046563923818,0.4945512946143472,0.9331313196816985,0.018500189916648833,True,A. thaliana,OMalley2016,AT3G10030,Trihelix,MADF
1105,M06942_2.00,29,500,1120,27655,0.012976429415876272,0.5181664151238063,0.9776996013647798,0.018500189916648833,True,A. thaliana,OMalley2016,HSFA6B,HSF,.
1106,M07248_2.00,28,500,1072,27655,0.012998729095828965,0.5307341685410322,1.0010172414482679,0.018514406036491526,True,A. thaliana,OMalley2016,NLP4,RWP-RK,.
1107,M01225_2.00,39,500,1612,27655,0.01301525060952901,0.42023462727548144,0.7923723362084906,0.01852125221752058,True,P. patens,TF_Evolution,estExt_gwp_gw1.C_220046,E2F,.
1108,M07077_2.00,47,500,2016,27655,0.013112585054880064,0.36677736511892145,0.6903893189592838,0.01864298288827822,True,A. thaliana,OMalley2016,ATMYB65,Myb/SANT,R2R3-MYB
1109,M07163_2.00,42,500,1765,27655,0.013244435098506448,0.3963333915614183,0.744300856159906,0.018813523711355522,True,A. thaliana,OMalley2016,NAC005,NAC/NAM,.
1110,M07223_2.00,54,500,2376,27655,0.013289029634306492,0.3300368183039033,0.619316310730401,0.018859924463050775,True,A. thaliana,OMalley2016,anac075,NAC/NAM,.
1111,M01315_2.00,48,500,2072,27655,0.013502049720799278,0.3576226499758027,0.668611412634032,0.019145058841779066,True,C. sativa,TF_Evolution,PK12736.1,TCP,.
1112,M06763_2.00,41,500,1718,27655,0.013517813692820554,0.4005061204208207,0.748583403789923,0.01915023606482912,True,A. thaliana,OMalley2016,BZIP2,bZIP,.
1113,M00893_2.00,45,500,1920,27655,0.013532869194612643,0.37443093766235674,0.6996654378390468,0.01915440125038728,True,A. thaliana,Franco_Zorrilla2014,TCP16,TCP,.
1114,M07243_2.00,34,500,1370,27655,0.013574973146851528,0.45697110034365107,0.8532843233184025,0.0191968090743938,True,A. thaliana,OMalley2016,anac103,NAC/NAM,.
1115,M06976_2.00,39,500,1619,27655,0.013627568292097316,0.4139833855008828,0.7723198003188778,0.019253963779987362,True,A. thaliana,OMalley2016,AT3G58630,Trihelix,MADF
1116,M06738_2.00,34,500,1371,27655,0.01367339823934833,0.45591842241231395,0.84988826223341,0.019301466621794383,True,A. thaliana,OMalley2016,LRL2,bHLH,.
1117,ATVATK-REV-DREME2,54,500,2382,27655,0.013706313339855499,0.3263982412405549,0.6081058211746725,0.019330670285737327,True,.,.,ATVATK-REV-DREME2,.,.
1118,M06627_2.00,23,500,840,27655,0.013735106788131989,0.5987848753320907,1.115038009574916,0.01935401411054962,True,A. thaliana,OMalley2016,ERF1B,AP2,ERF
1119,M06637_2.00,28,500,1081,27655,0.014022596062375037,0.5186725512641543,0.9611892293350058,0.01974151769778712,True,A. thaliana,OMalley2016,ERF6,AP2,ERF
1120,M07196_2.00,53,500,2336,27655,0.014094672136015257,0.3275643326243826,0.6063035708688456,0.019825335095231426,True,A. thaliana,OMalley2016,anac046,NAC/NAM,.
1121,M06960_2.00,30,500,1179,27655,0.014120744581354623,0.49301102956995635,0.9121406107084357,0.0198443530516637,True,A. thaliana,OMalley2016,LBD19,LOB,.
1122,M06958_2.00,38,500,1575,27655,0.014173660812079068,0.41625983711014464,0.7694637867943916,0.01990102819173802,True,A. thaliana,OMalley2016,LBD16,LOB,.
1123,M06973_2.00,39,500,1626,27655,0.014257560448021752,0.40775911372842116,0.7527048844448393,0.020001067496293157,True,A. thaliana,OMalley2016,ASIL2,Trihelix,MADF
1124,M06574_2.00,41,500,1727,27655,0.014296828453593525,0.3929680740303601,0.7249318997236558,0.020038373922988795,True,A. thaliana,OMalley2016,ERF087,AP2,ERF
1125,M06607_2.00,41,500,1728,27655,0.014385045406645293,0.39213293939581584,0.7223436812292446,0.020144160131006384,True,A. thaliana,OMalley2016,AT2G33710,AP2,ERF
1126,M01275_2.00,20,500,707,27655,0.014782334074018225,0.6458301270191639,1.1820351024494402,0.02068218599205559,True,C. sativa,TF_Evolution,PK01261.1,Myb/SANT,MYB
1127,M07285_2.00,20,500,708,27655,0.014941094743528636,0.6437909817455654,1.1753161343271261,0.020885827400105018,True,A. thaliana,OMalley2016,TCP20,TCP,.
1128,M01224_2.00,62,500,2816,27655,0.015032536360750753,0.2842331286907785,0.5181478233921899,0.02099508832716161,True,C. sativa,TF_Evolution,PK23763.1,Dof,.
1129,2.HSF6A-MEME,36,500,1486,27655,0.01523767488646065,0.4221750378449165,0.7671263652618581,0.021262810234328584,True,.,.,2.HSF6A-MEME,.,.
1130,M06895_2.00,30,500,1189,27655,0.01525696191461462,0.48082603280406333,0.8734358451528452,0.021270949547624086,True,A. thaliana,OMalley2016,GATA12,GATA,.
1131,M06657_2.00,42,500,1789,27655,0.01531640439030978,0.37684818766805256,0.6839203616804422,0.021316228293204016,True,A. thaliana,OMalley2016,ERF115,AP2,ERF
1132,M06988_2.00,18,500,618,27655,0.015305451143744334,0.6879304104791383,1.248699543161385,0.021316228293204016,True,A. thaliana,OMalley2016,AGL16,MADS box,.
1133,M02381_2.00,23,500,852,27655,0.015411160442715007,0.5783207727723751,1.0480124655057845,0.02142923892694145,True,P. patens,Zoo_01,e_gw1.288.15.1,NAC/NAM,.
1134,M06621_2.00,31,500,1240,27655,0.015470606076896496,0.4675403420538381,0.8464783631690154,0.021492994909994165,True,A. thaliana,OMalley2016,ERF7,AP2,ERF
1135,M07158_2.00,40,500,1691,27655,0.015618562751299183,0.38773558741857966,0.7003896420501148,0.021679497550310806,True,A. thaliana,OMalley2016,TRB2,Myb/SANT,MYB-related
1136,M07315_2.00,42,500,1793,27655,0.01567946779166274,0.3736260868515861,0.674271297967167,0.021744946121595433,True,A. thaliana,OMalley2016,AT1G74370,Unknown,.
1137,M06736_2.00,40,500,1692,27655,0.015713324589351138,0.3868826787086132,0.6978326361865329,0.02177280120575298,True,A. thaliana,OMalley2016,BHLH77,bHLH,.
1138,M07313_2.00,18,500,621,27655,0.01584142837641879,0.6809439801630314,1.2258392085167529,0.021911896993104207,True,A. thaliana,OMalley2016,AT1G68200,C3H,.
1139,M07228_2.00,54,500,2411,27655,0.015831839643172353,0.308940003502143,0.5562367810397755,0.021911896993104207,True,A. thaliana,OMalley2016,NAC079,NAC/NAM,.
1140,M02513_2.00,32,500,1294,27655,0.01599529437052276,0.45184653494869287,0.8115198844241922,0.022105384964857065,True,Oryza sativa,Zoo_01,OsI_08196,TCP,.
1141,M07094_2.00,31,500,1245,27655,0.016048925693050116,0.46173472037263247,0.8286079049618681,0.022160132332499766,True,A. thaliana,OMalley2016,MYB94,Myb/SANT,R2R3-MYB
1142,M07226_2.00,45,500,1951,27655,0.016133322313855603,0.3513234706618488,0.6296686913533526,0.022257227380633255,True,A. thaliana,OMalley2016,NAC078,NAC/NAM,.
1143,M07212_2.00,39,500,1648,27655,0.016351363067874245,0.38837012862023057,0.6938022776373537,0.022538365309772608,True,A. thaliana,OMalley2016,NAC062,NAC/NAM,.
1144,M07168_2.00,57,500,2576,27655,0.016514576318286487,0.2914415729913252,0.5193875176325319,0.02274350623624646,True,A. thaliana,OMalley2016,NAC010,NAC/NAM,.
1145,M07191_2.00,26,500,1004,27655,0.016533003327341218,0.5183646011315206,0.9235433828356652,0.022749067241537392,True,A. thaliana,OMalley2016,JUB1,NAC/NAM,.
1146,M07175_2.00,37,500,1550,27655,0.01665489743529351,0.4008693024085503,0.712929232835594,0.02289686334365134,True,A. thaliana,OMalley2016,NAC017,NAC/NAM,.
1147,M01134_2.00,54,500,2422,27655,0.016683996535040935,0.3023727894103402,0.5375280802252388,0.022916940505560136,True,A. thaliana,TF_Evolution,TGA1,bZIP,.
1148,M07201_2.00,42,500,1805,27655,0.016798479027780592,0.3640027379454275,0.6460065931269204,0.02305416262406347,True,A. thaliana,OMalley2016,ANAC050,NAC/NAM,.
1149,M07111_2.00,38,500,1603,27655,0.01691511861950537,0.390837240230238,0.6924560908109614,0.023174005665024255,True,A. thaliana,OMalley2016,PC-MYB1,Myb/SANT,MYB3R
1150,M00977_2.00,24,500,910,27655,0.016905408243739168,0.5447082025762982,0.9652089561848732,0.023174005665024255,True,A. thaliana,Lindemose2014,NAC062,NAC/NAM,.
1151,M06673_2.00,33,500,1352,27655,0.016942693455130418,0.43298312001746964,0.7668207030176897,0.023191686885334364,True,A. thaliana,OMalley2016,ERF2,AP2,ERF
1152,M06978_2.00,46,500,2013,27655,0.017084836920647203,0.33789893607687377,0.5971989175759127,0.02336602696500279,True,A. thaliana,OMalley2016,AT5G05550,Trihelix,MADF
1153,M07015_2.00,20,500,722,27655,0.017276534248977193,0.6155415049413918,1.084918601301131,0.023607779297867712,True,A. thaliana,OMalley2016,MYB116,Myb/SANT,R2R3-MYB
1154,M01159_2.00,30,500,1206,27655,0.017313235269876055,0.4603448406496343,0.8109534926713949,0.02363749996690332,True,C. sativa,TF_Evolution,PK20942.1,bZIP,.
1155,M10064_2.00,7,500,159,27655,0.01740108563066408,1.283940403714449,2.2589951189520763,0.023703237809193943,True,Antirrhinum majus,Transfac,bZIP911,bZIP,.
1156,M06952_2.00,33,500,1356,27655,0.017406362489863485,0.42872109316331,0.7542455793490597,0.023703237809193943,True,A. thaliana,OMalley2016,HSFB2A,HSF,.
1157,M06563_2.00,28,500,1108,27655,0.01739151312108104,0.4830811929496165,0.850059923092748,0.023703237809193943,True,A. thaliana,OMalley2016,ERF10,AP2,ERF
1158,M06783_2.00,30,500,1207,27655,0.017439025442841972,0.45914907179469766,0.8074034444555734,0.023727279883935592,True,A. thaliana,OMalley2016,TGA10,bZIP,.
1159,M00891_2.00,38,500,1609,27655,0.01753973971259603,0.3854473396613398,0.6768366075728719,0.023823306259118836,True,A. thaliana,Franco_Zorrilla2014,TCP23,TCP,.
1160,M07055_2.00,27,500,1060,27655,0.017531114386681035,0.4945073896541075,0.8684491683040297,0.023823306259118836,True,A. thaliana,OMalley2016,AT2G38090,Myb/SANT,MYB
1161,M01672_2.00,27,500,1061,27655,0.01766895233185132,0.4931469981899042,0.8643827328918159,0.02397820913017763,True,A. thaliana,Zoo_01,AHL13,AT hook,.
1162,M07292_2.00,23,500,868,27655,0.017835534244748028,0.5514791605537341,0.9643792610990082,0.024183515987089736,True,A. thaliana,OMalley2016,TCP21,TCP,.
1163,M07036_2.00,34,500,1410,27655,0.01785836840366361,0.4154518309053841,0.7262755340986361,0.024193727888767922,True,A. thaliana,OMalley2016,ATY13,Myb/SANT,R2R3-MYB
1164,M02502_2.00,43,500,1868,27655,0.017935371263886408,0.34845445193363633,0.608502395575952,0.02425647730385322,True,A. thaliana,Zoo_01,TCP20,TCP,.
1165,M01055_2.00,43,500,1868,27655,0.017935371263886408,0.34845445193363633,0.608502395575952,0.02425647730385322,True,A. thaliana,Stam_Arabidopsis,TGA6,bZIP,.
1166,M07296_2.00,35,500,1462,27655,0.01805103671200543,0.40502385793372975,0.7061582257185216,0.024392041915966313,True,A. thaliana,OMalley2016,AT2G20110,TCR/CxC,.
1167,M01784_2.00,62,500,2864,27655,0.018444575065711427,0.25984897006381924,0.45061224415905304,0.024902539008445572,True,A. thaliana,Zoo_01,TGA2,bZIP,.
1168,M08145_2.00,33,500,1365,27655,0.01847597013339413,0.4191773204924393,0.7265989276632786,0.02492364230451887,True,A. thaliana,JASPAR,AGL27,MADS box,.
1169,M01473_2.00,55,500,2497,27655,0.01851648965744596,0.284848044537648,0.493482528852709,0.024957007799166292,True,P. patens,TFs_NonAnimalZFs,fgenesh1_pg.scaffold_191000049,C2H2 ZF,.
1170,M02383_2.00,18,500,636,27655,0.018694694500675228,0.6465104830991574,1.117352189909911,0.025175734246650372,True,Malus domestica,Zoo_01,MDP0000762302,NAC/NAM,.
1171,M07308_2.00,14,500,455,27655,0.01911693598391761,0.7671006239127461,1.3183251051674354,0.025722447481339353,True,A. thaliana,OMalley2016,AT1G23810,Unknown,.
1172,M06638_2.00,33,500,1371,27655,0.019209009987566975,0.412849700520428,0.7086544539808919,0.0257805134043662,True,A. thaliana,OMalley2016,ERF091,AP2,ERF
1173,M07035_2.00,33,500,1371,27655,0.019209009987566975,0.412849700520428,0.7086544539808919,0.0257805134043662,True,A. thaliana,OMalley2016,ATY13,Myb/SANT,R2R3-MYB
1174,M02473_2.00,9,500,241,27655,0.01920574272135229,1.0465041021535513,1.7963963883720122,0.0257805134043662,True,A. thaliana,Zoo_01,AT1G76580,SBP,.
1175,M06672_2.00,37,500,1575,27655,0.019376419435544454,0.37778568929550904,0.6470435511984209,0.025983137512803886,True,A. thaliana,OMalley2016,ERF2,AP2,ERF
1176,M06904_2.00,20,500,734,27655,0.019444621201256954,0.5917602789853501,1.012620492902912,0.026052496711175634,True,A. thaliana,OMalley2016,HDG11,Homeodomain,HD-GL2
1177,M06587_2.00,40,500,1730,27655,0.019558481874097238,0.3548402093044761,0.6063029958797823,0.026182861848389277,True,A. thaliana,OMalley2016,ERF8,AP2,ERF
1178,M00719_2.00,27,500,1075,27655,0.01966462052764842,0.4742349946278464,0.8091940144714674,0.02630267771083938,True,A. thaliana,Chang2013,RAP2-2,AP2,ERF
1179,M07366_2.00,35,500,1477,27655,0.01980456595240152,0.3902973431213779,0.6647679669551735,0.026467471488374302,True,A. thaliana,OMalley2016,ZHD1,Homeodomain,HD-ZF
1180,M01780_2.00,38,500,1630,27655,0.019825211680876413,0.36673970126634625,0.6244778231988599,0.026472685529954063,True,A. thaliana,Zoo_01,TGA6,bZIP,.
1181,M06940_2.00,22,500,832,27655,0.01985378448194948,0.5484603374374055,0.9335654363046855,0.02648846689110728,True,A. thaliana,OMalley2016,HSFA1E,HSF,.
1182,M02701_2.00,25,500,978,27655,0.01987703323961717,0.49963397176369156,0.8502013666370757,0.026497124411327778,True,A. thaliana,JASPAR,F3A4.140,Myb/SANT,R2R3-MYB
1183,M06969_2.00,41,500,1785,27655,0.019944039842002843,0.3453120826428221,0.5870950678973622,0.026564049696888373,True,A. thaliana,OMalley2016,AT-GTL1,Trihelix,MADF
1184,M02051_2.00,50,500,2255,27655,0.020220491399041765,0.2944129085731821,0.4987967916766666,0.026909593351755075,True,A. thaliana,Zoo_01,KNAT3,Homeodomain,HD-KN
1185,M06682_2.00,37,500,1584,27655,0.02041124622726985,0.36956518249054054,0.6246133786193002,0.027140605790844097,True,A. thaliana,OMalley2016,ERF104,AP2,ERF
1186,M00724_2.00,8,500,204,27655,0.020456055224143958,1.1170430949697048,1.8868847467845395,0.02717733051207697,True,A. thaliana,Chang2013,EIL1,EIN3,.
1187,M06948_2.00,29,500,1180,27655,0.020480701710612392,0.4428782878195691,0.7478687093561235,0.027187228719125267,True,A. thaliana,OMalley2016,HSFA1B,HSF,.
1188,M07224_2.00,54,500,2472,27655,0.02085234163771363,0.2728929112002944,0.4586907312687464,0.02765734239028964,True,A. thaliana,OMalley2016,ANAC076,NAC/NAM,.
1189,M02367_2.00,11,500,330,27655,0.021095666006667665,0.8825778413326819,1.4790299118924952,0.027933205993753416,True,O. tauri,Zoo_01,estExt_fgenesh1_pg.C_Chr_16.00010090,Myb/SANT,ARR-B
1190,M06996_2.00,38,500,1641,27655,0.021081685912302653,0.35703642687107323,0.5984268489816026,0.027933205993753416,True,A. thaliana,OMalley2016,AT5G23930,mTERF,.
1191,M06733_2.00,21,500,791,27655,0.021161302385768983,0.5542519752471691,0.9280714360837231,0.027996668679414864,True,A. thaliana,OMalley2016,AT2G42280,bHLH,.
1192,M00856_2.00,39,500,1694,27655,0.0212628198483523,0.3486524964712502,0.5830791623492693,0.02810745667244564,True,A. thaliana,Franco_Zorrilla2014,TGA2,bZIP,.
1193,M02274_2.00,10,500,288,27655,0.021316835194411913,0.9414715303862505,1.573459971368308,0.02815531866530095,True,A. lyrata,Zoo_01,GT-1,Trihelix,MADF
1194,M07231_2.00,41,500,1798,27655,0.021349783901488662,0.3348431360448368,0.5593911250697668,0.02817529912208145,True,A. thaliana,OMalley2016,NAC083,NAC/NAM,.
1195,M06653_2.00,36,500,1541,27655,0.02138177173519197,0.36974229186872737,0.6174534738055282,0.0281939792438186,True,A. thaliana,OMalley2016,ERF109,AP2,ERF
1196,M07321_2.00,37,500,1593,27655,0.021473868626515267,0.3613912510448403,0.6028330264863062,0.028291821915433862,True,A. thaliana,OMalley2016,GT-2,Trihelix,.
1197,M06723_2.00,16,500,556,27655,0.021537816603896878,0.670527364217693,1.1176338878186807,0.028352446337019954,True,A. thaliana,OMalley2016,BHLH80,bHLH,.
1198,M06722_2.00,19,500,698,27655,0.02172948033896818,0.5903127241751337,0.98166093410697,0.02855719735320756,True,A. thaliana,OMalley2016,BHLH80,bHLH,.
1199,M07290_2.00,19,500,698,27655,0.02172948033896818,0.5903127241751337,0.98166093410697,0.02855719735320756,True,A. thaliana,OMalley2016,TCP17,TCP,.
1200,M01064_2.00,37,500,1596,27655,0.02183407901789838,0.3586768663478043,0.595713897495889,0.028670829673834997,True,A. thaliana,Stam_Arabidopsis,KNAT7,Homeodomain,HD-KN
1201,M02300_2.00,23,500,892,27655,0.021869079730580963,0.5121304930779084,0.8502234205605183,0.028692958551077594,True,A. thaliana,Zoo_01,APRR2,Myb/SANT,ARR-B
1202,M06616_2.00,33,500,1392,27655,0.021896016968147934,0.3909190604509256,0.6487829076077295,0.02870447995575612,True,A. thaliana,OMalley2016,ERF4,AP2,ERF
1203,M07301_2.00,30,500,1241,27655,0.022023528750014322,0.41907163241936235,0.6944490895576325,0.028847720757061015,True,A. thaliana,OMalley2016,TCX2,TCR/CxC,.
1204,M07154_2.00,33,500,1395,27655,0.02229473338915451,0.3878131495831041,0.6405888750185484,0.02917878600020967,True,A. thaliana,OMalley2016,MYB96,Myb/SANT,R2R3-MYB
1205,M07221_2.00,62,500,2914,27655,0.022357313043501633,0.23487958526356323,0.3876876379690863,0.029236486287655985,True,A. thaliana,OMalley2016,NAC073,NAC/NAM,.
1206,M07125_2.00,34,500,1447,27655,0.022424997142967938,0.3780820716598154,0.6235585122960563,0.029300760729778767,True,A. thaliana,OMalley2016,MYB3R4,Myb/SANT,c-myb
1207,M01085_2.00,28,500,1145,27655,0.022707825312862338,0.4356914760144984,0.7162003032739448,0.029645806622324817,True,A. thaliana,Stam_Arabidopsis,AT4G00390,Storekeeper,.
1208,M06963_2.00,41,500,1814,27655,0.023143239283078983,0.32206170103076187,0.526756341819918,0.03018932451035303,True,A. thaliana,OMalley2016,LBD18,LOB,.
1209,M02504_2.00,44,500,1971,27655,0.023194920075311896,0.30418799453501194,0.4972278615721989,0.03023179607507676,True,A. thaliana,Zoo_01,TCP19,TCP,.
1210,M02494_2.00,16,500,563,27655,0.023255894074599947,0.6524773248609709,1.0658001518837943,0.03026137327731894,True,Oryza sativa,Zoo_01,OS03G0370250,Storekeeper,.
1211,M06706_2.00,16,500,563,27655,0.023255894074599947,0.6524773248609709,1.0658001518837943,0.03026137327731894,True,A. thaliana,OMalley2016,FUS3,B3,FUS
1212,M02359_2.00,48,500,2182,27655,0.023302168548494026,0.2829955513387493,0.4620195730891512,0.030296651706553497,True,O. tauri,Zoo_01,100010593,Myb/SANT,MYB
1213,M00981_2.00,39,500,1712,27655,0.02336491017847805,0.33340366940230176,0.5439267101838601,0.030328363759483813,True,A. thaliana,Lindemose2014,VOZ2,VOZ,.
1214,M07108_2.00,26,500,1049,27655,0.023364925401044456,0.4551091925050251,0.7424813391052547,0.030328363759483813,True,A. thaliana,OMalley2016,MYB98,Myb/SANT,R2R3-MYB
1215,M07166_2.00,43,500,1921,27655,0.02344575369469731,0.3080913879777713,0.5021691834700908,0.03040831549738839,True,A. thaliana,OMalley2016,AT1G19040,NAC/NAM,.
1216,M01713_2.00,20,500,756,27655,0.02380583189967661,0.5491541076074902,0.8914509993837945,0.030850016584744854,True,A. thaliana,Zoo_01,BHLH78,bHLH,.
1217,M06596_2.00,25,500,1003,27655,0.024023018916427056,0.4632187361037446,0.7501236441612121,0.031105972896700387,True,A. thaliana,OMalley2016,HRE1,AP2,ERF
1218,M02515_2.00,35,500,1511,27655,0.024092836746234834,0.3574635087213378,0.5784160152425534,0.031119914130553327,True,V. vinifera,Zoo_01,VIT_15s0048g01150,TCP,.
1219,M02721_2.00,23,500,904,27655,0.02405651988644508,0.49285143058302583,0.7978117299313054,0.031119914130553327,True,A. thaliana,JASPAR,TCP16,TCP,.
1220,M07202_2.00,40,500,1770,27655,0.024081016788650038,0.3218628868582032,0.5208788141571709,0.031119914130553327,True,A. thaliana,OMalley2016,NAC053,NAC/NAM,.
1221,M02342_2.00,29,500,1206,27655,0.024340222584065332,0.4114352401686881,0.6639229482153958,0.031413789310536566,True,P. patens,Zoo_01,fgenesh1_pg.scaffold_70000111,Myb/SANT,MYB-related
1222,M01107_2.00,20,500,760,27655,0.02465034532588883,0.5415409234976151,0.8708936535722791,0.031788088058915365,True,C. sativa,TF_Evolution,PK00377.1,AT hook,.
1223,M07156_2.00,22,500,859,27655,0.024881991799677795,0.5023857344400341,0.8058844207520878,0.03206065936046503,True,A. thaliana,OMalley2016,MYB44,Myb/SANT,R2R3-MYB
1224,M01214_2.00,57,500,2678,27655,0.025030161979324644,0.2354182057816317,0.37703081163437324,0.03222531440497741,True,C. sativa,TF_Evolution,PK03929.1,Dof,.
1225,M07178_2.00,37,500,1622,27655,0.02507404610621881,0.33536369835287716,0.536842018704954,0.03225554669970052,True,A. thaliana,OMalley2016,ANAC020,NAC/NAM,.
1226,M01061_2.00,45,500,2041,27655,0.025097850453214002,0.286261066238156,0.4581217540903837,0.03225991997278971,True,A. thaliana,Stam_Arabidopsis,IDD2,C2H2 ZF,.
1227,M07244_2.00,41,500,1832,27655,0.02523763457885904,0.30781665346234033,0.49187603762399,0.032413241485927,True,A. thaliana,OMalley2016,anac103,NAC/NAM,.
1228,M06792_2.00,17,500,619,27655,0.02545124028540514,0.6031356789772753,0.9615738142346546,0.03266104780131942,True,A. thaliana,OMalley2016,BZIP43,bZIP,.
1229,M06757_2.00,27,500,1112,27655,0.0255010804003223,0.42541486638116144,0.6778736685582225,0.03269846562279769,True,A. thaliana,OMalley2016,BZIP44,bZIP,.
1230,M01069_2.00,29,500,1215,27655,0.025752676296383094,0.40070883357562936,0.6367975148925683,0.03296759613326451,True,A. thaliana,Stam_Arabidopsis,RVE7,Myb/SANT,MYB-related
1231,M07210_2.00,50,500,2312,27655,0.025749239876320145,0.2583989442152464,0.41065679776680736,0.03296759613326451,True,A. thaliana,OMalley2016,anac058,NAC/NAM,.
1232,M02003_2.00,16,500,574,27655,0.02610132957747996,0.6245615102655129,0.9888915787802326,0.0333868948721649,True,A. thaliana,Zoo_01,GATA3,GATA,.
1233,M06725_2.00,19,500,720,27655,0.026566398388654443,0.5455428540551113,0.8595940462372134,0.03395430545874104,True,A. thaliana,OMalley2016,BHLH122,bHLH,.
1234,M06992_2.00,31,500,1323,27655,0.026631925531072864,0.374067401049399,0.589005569175555,0.03401056079533618,True,A. thaliana,OMalley2016,AGL15,MADS box,.
1235,M07297_2.00,30,500,1272,27655,0.0266847387820015,0.38347607726536365,0.6034905083439729,0.034050502029333636,True,A. thaliana,OMalley2016,TCX3,TCR/CxC,.
1236,M07172_2.00,47,500,2162,27655,0.026746212447685887,0.26590648088418756,0.41820114983960616,0.034090085304780575,True,A. thaliana,OMalley2016,anac016,NAC/NAM,.
1237,M06959_2.00,33,500,1427,27655,0.026758884163967545,0.35509293682389054,0.5583950062905336,0.034090085304780575,True,A. thaliana,OMalley2016,LBD16,LOB,.
1238,M01970_2.00,26,500,1069,27655,0.026803130873781156,0.4278620173618021,0.6725197113656235,0.03409151239859051,True,Oryza sativa,Zoo_01,OS09G0490200,EIN3,.
1239,M01958_2.00,26,500,1069,27655,0.026803130873781156,0.4278620173618021,0.6725197113656235,0.03409151239859051,True,A. thaliana,Zoo_01,E2FE,E2F,.
1240,M06886_2.00,30,500,1273,27655,0.026841930555878142,0.38234232864836093,0.6007310101608628,0.03411341817431137,True,A. thaliana,OMalley2016,GATA15,GATA,.
1241,M02512_2.00,32,500,1379,27655,0.02730570873177063,0.3600616954272202,0.5630452328147695,0.03467496024492319,True,Oryza sativa,Zoo_01,OS02G0635800,TCP,.
1242,M07087_2.00,18,500,675,27655,0.027416207824875822,0.5606497464453197,0.8757307643648486,0.03478733914215785,True,A. thaliana,OMalley2016,MYB118,Myb/SANT,R2R3-MYB
1243,M00872_2.00,10,500,304,27655,0.02764435112144317,0.8634690183849774,1.3456245916420855,0.035048692159584324,True,A. thaliana,Franco_Zorrilla2014,ARR11,Myb/SANT,ARR-B
1244,M02519_2.00,29,500,1228,27655,0.0278560426112982,0.3853545866985933,0.5992574349162165,0.035288784750370554,True,Lotus japonicus,Zoo_01,LjT20A21.20.nc,TCP,.
1245,M02534_2.00,10,500,305,27655,0.028069403990797374,0.8587310993783142,1.3325504177176886,0.03550218216756052,True,Chlorella vulgaris,Zoo_01,fgeneshCV_pg.C_scaffold_18000164,TCR/CxC,.
1246,M07182_2.00,47,500,2174,27655,0.028054301881256516,0.25792106359152883,0.40029362843675165,0.03550218216756052,True,A. thaliana,OMalley2016,NAC031,NAC/NAM,.
1247,M02046_2.00,31,500,1333,27655,0.028176176081794995,0.3632036822391025,0.5630085463734943,0.03560874051584164,True,A. thaliana,Zoo_01,ANL2,Homeodomain,HD-GL2
1248,M01755_2.00,19,500,727,27655,0.028209402454087675,0.5315843964651916,0.8237464304409154,0.03562225661334874,True,Oryza sativa,Zoo_01,OS08G0506700,bHLH,.
1249,M01124_2.00,24,500,976,27655,0.02828237657026925,0.44369360009947045,0.6870524848231041,0.035673080707376174,True,C. sativa,TF_Evolution,PK09702.1,bHLH,.
1250,M06977_2.00,38,500,1699,27655,0.028294777487064975,0.3069258132005655,0.47521130817892243,0.035673080707376174,True,A. thaliana,OMalley2016,AT3G58630,Trihelix,MADF
1251,M07236_2.00,20,500,777,27655,0.02840483022158925,0.5096257434208527,0.7881911509761483,0.0357832960799463,True,A. thaliana,OMalley2016,ANAC094,NAC/NAM,.
1252,M07001_2.00,31,500,1335,27655,0.02848924658843082,0.3610407207531593,0.5579230984539567,0.03585669584650486,True,A. thaliana,OMalley2016,MYB60,Myb/SANT,R2R3-MYB
1253,M10909_2.00,34,500,1491,27655,0.028508454572458323,0.33486673590809757,0.5173779223166722,0.03585669584650486,True,A. thaliana,Transfac,AGL3,MADS box,.
1254,M06761_2.00,26,500,1079,27655,0.0286038291780302,0.4144290055942756,0.6397025938944151,0.035948055588605525,True,A. thaliana,OMalley2016,AtbZIP48,bZIP,.
1255,M06965_2.00,31,500,1336,27655,0.028646289294290205,0.35996045485402334,0.5553943700907239,0.03597282237829453,True,A. thaliana,OMalley2016,LBD23,LOB,.
1256,M07327_2.00,31,500,1337,27655,0.028803666057594168,0.3588809972347229,0.5528749216073842,0.03614174288655268,True,A. thaliana,OMalley2016,ZHD6,Homeodomain,HD-ZF
1257,M06789_2.00,20,500,779,27655,0.028863309544353958,0.5059170137668938,0.7789370896725245,0.036187860737211426,True,A. thaliana,OMalley2016,TGA4,bZIP,.
1258,M01317_2.00,34,500,1494,27655,0.028944888548337384,0.3319668454023028,0.5107071293220025,0.036261385732901275,True,C. sativa,TF_Evolution,PK14653.1,TCP,.
1259,M06760_2.00,26,500,1081,27655,0.02897000688387283,0.41175734734764247,0.6333039652066761,0.03626411788076243,True,A. thaliana,OMalley2016,AtbZIP48,bZIP,.
1260,M07337_2.00,31,500,1339,27655,0.029119408875349303,0.35672450200376526,0.5478637133994153,0.03642229860120827,True,A. thaliana,OMalley2016,ZHD9,Homeodomain,HD-ZF
1261,M01953_2.00,38,500,1707,27655,0.02935483686744399,0.3001486073570478,0.45992381270472094,0.036687744733145414,True,P. patens,Zoo_01,e_gw1.392.16.1,Dof,.
1262,M06923_2.00,20,500,783,27655,0.029790288297022967,0.49852803453752237,0.7607165375980138,0.03720256382116375,True,A. thaliana,OMalley2016,HAT1,Homeodomain,HD-ZIP
1263,M02521_2.00,21,500,833,27655,0.029844970885889,0.4796131743544132,0.7314718844587416,0.037241435651610505,True,A. thaliana,Zoo_01,TCX4,TCR/CxC,.
1264,M07162_2.00,29,500,1241,27655,0.030027665483515775,0.3701620319384162,0.5635637095788443,0.037439857357601296,True,A. thaliana,OMalley2016,NAC004,NAC/NAM,.
1265,M07174_2.00,39,500,1766,27655,0.03016295520114049,0.288601028154983,0.438825398948914,0.037578906361704585,True,A. thaliana,OMalley2016,NAC017,NAC/NAM,.
1266,M06812_2.00,45,500,2086,27655,0.030190514757404287,0.2547980907511095,0.38732608972375715,0.03758362506413872,True,A. thaliana,OMalley2016,AT2G48100,C2H2 ZF,.
1267,M06874_2.00,1,500,281,27655,0.03021835485918034,-2.3449578832797253,-3.5637009283959378,0.03758868531263896,True,A. thaliana,OMalley2016,E2FE,E2F,.
1268,M06719_2.00,57,500,2736,27655,0.030419491414009348,0.20450593622004437,0.310204430819861,0.03780913201694086,True,A. thaliana,OMalley2016,BPC6,BBR,.
1269,M11457_2.00,54,500,2574,27655,0.030502406996109045,0.21455960088396736,0.32520066808742903,0.03788240806036795,True,Nicotiana tabacum,Transfac,Q9SXJ0_TOBAC,Unknown,.
1270,M01968_2.00,31,500,1351,27655,0.03104017238818508,0.343852788002391,0.5185560942962653,0.03852002554609153,True,P. patens,Zoo_01,e_gw1.38.2.1,E2F,.
1271,M07046_2.00,11,500,357,27655,0.031162533268400402,0.7691197915493981,1.158576861352158,0.038633572585860185,True,A. thaliana,OMalley2016,AT2G20400,Myb/SANT,G2-like
1272,M06724_2.00,20,500,789,27655,0.03120497924866759,0.4875150418151042,0.7340884992766629,0.038633572585860185,True,A. thaliana,OMalley2016,BHLH122,bHLH,.
1273,M02726_2.00,20,500,789,27655,0.03120497924866759,0.4875150418151042,0.7340884992766629,0.038633572585860185,True,A. thaliana,JASPAR,ZAP1,WRKY,.
1274,M02520_2.00,38,500,1721,27655,0.03123898532549882,0.28836456834458235,0.4340760731511751,0.038645411423797835,True,A. thaliana,Zoo_01,AT2G20110,TCR/CxC,.
1275,M07214_2.00,28,500,1197,27655,0.03136766074554673,0.37161592205530264,0.5587311787542777,0.038774254604151195,True,A. thaliana,OMalley2016,NAC68,NAC/NAM,.
1276,M07283_2.00,13,500,450,27655,0.03142914626928925,0.6761269638652556,1.0159939575784342,0.0388199064466768,True,A. thaliana,OMalley2016,TCP13,TCP,.
1277,M02654_2.00,8,500,226,27655,0.031602854705917914,0.9692894745260129,1.4541994922766193,0.03900399163938815,True,A. thaliana,JASPAR,DYT1,bHLH,.
1278,M06704_2.00,37,500,1672,27655,0.03180188169128456,0.2915626704892674,0.43662885568615434,0.039219013224587276,True,A. thaliana,OMalley2016,VRN1,B3,REM
1279,M07110_2.00,35,500,1567,27655,0.03193943716262036,0.3049619894135868,0.45612333469116145,0.03935795023702478,True,A. thaliana,OMalley2016,PC-MYB1,Myb/SANT,MYB3R
1280,M06759_2.00,14,500,499,27655,0.03203899791682544,0.6339273536615441,0.9472910051001917,0.03944988762188553,True,A. thaliana,OMalley2016,TGA7,bZIP,.
1281,M07171_2.00,43,500,1997,27655,0.032377413632579816,0.25211457419932565,0.3755896651153239,0.039835557161952286,True,A. thaliana,OMalley2016,ANAC13,NAC/NAM,.
1282,M07294_2.00,16,500,599,27655,0.033179537244221645,0.563056244152415,0.8328331996364722,0.0407907063632305,True,A. thaliana,OMalley2016,TCP7,TCP,.
1283,M06898_2.00,36,500,1629,27655,0.033244518527871775,0.289622549857995,0.42814320923150073,0.040838837445660664,True,A. thaliana,OMalley2016,ATHB-9,Homeodomain,HD-ZIP
1284,M06562_2.00,36,500,1630,27655,0.0333892558449743,0.288737189265073,0.42628964016302867,0.040984793083000286,True,A. thaliana,OMalley2016,ERF10,AP2,ERF
1285,M06920_2.00,17,500,650,27655,0.03375173758672277,0.5326353702757232,0.7838815326279924,0.04139759280419605,True,A. thaliana,OMalley2016,ANL2,Homeodomain,HD-GL2
1286,M07098_2.00,11,500,364,27655,0.03409983196356945,0.7411054153798013,1.0873852614620576,0.04175974774159822,True,A. thaliana,OMalley2016,MYB27,Myb/SANT,R2R3-MYB
1287,M01263_2.00,11,500,364,27655,0.03409983196356945,0.7411054153798013,1.0873852614620576,0.04175974774159822,True,C. sativa,TF_Evolution,PK15172.1,Trihelix,MADF
1288,M06604_2.00,29,500,1265,27655,0.03418884690761692,0.34252776248710015,0.5021852776805132,0.04183635213695228,True,A. thaliana,OMalley2016,ERF15,AP2,ERF
1289,M07330_2.00,12,500,411,27655,0.03435078892658485,0.6914363539806738,1.0123065791892811,0.042002008733898415,True,A. thaliana,OMalley2016,NF-YB1,NF-YB,.
1290,M07169_2.00,33,500,1478,27655,0.03451863944513863,0.30443200215350313,0.44506324839559924,0.04217462825561374,True,A. thaliana,OMalley2016,ANAC011,NAC/NAM,.
1291,M02307_2.00,24,500,1007,27655,0.03457459400607146,0.3985829696555721,0.5824265388201556,0.042210373068416206,True,A. thaliana,Zoo_01,SRM1,Myb/SANT,MYB-related
1292,M07234_2.00,38,500,1746,27655,0.03467604952169064,0.2675581067553458,0.3906269122616117,0.042301569671136505,True,A. thaliana,OMalley2016,NAC92,NAC/NAM,.
1293,M06774_2.00,15,500,556,27655,0.03495498531572981,0.5774179598262115,0.8410039901127555,0.04260896822218106,True,A. thaliana,OMalley2016,TGA6,bZIP,.
1294,M07222_2.00,50,500,2407,27655,0.03579540813490639,0.20030420024142853,0.289674462367814,0.043599799893133284,True,A. thaliana,OMalley2016,NAC073,NAC/NAM,.
1295,M06826_2.00,45,500,2135,27655,0.03597263739209966,0.2213011787630225,0.31956503660507785,0.04376482070664393,True,A. thaliana,OMalley2016,AZF1,C2H2 ZF,.
1296,M06982_2.00,32,500,1434,27655,0.03598625358547571,0.3036391282392958,0.4384134131453879,0.04376482070664393,True,A. thaliana,OMalley2016,AGL63,MADS box,.
1297,M06938_2.00,26,500,1122,27655,0.036848861760671654,0.35805119447349987,0.5132935714893461,0.044779439234144416,True,A. thaliana,OMalley2016,HSFB3,HSF,.
1298,M02275_2.00,12,500,418,27655,0.03716946471130575,0.6670718055814738,0.9537884020116127,0.04509971121149224,True,V. vinifera,Zoo_01,VIT_17s0000g10420,Trihelix,MADF
1299,M01957_2.00,1,500,267,27655,0.03714513138265603,-2.2712274947463533,-3.248078127650822,0.04509971121149224,True,O. tauri,Zoo_01,fgenesh1_pg.C_Chr_08.0001000114,Dof,.
1300,M10908_2.00,32,500,1442,27655,0.037300793088172635,0.295612987700378,0.42221868982927196,0.04515689687898312,True,A. thaliana,Transfac,AGL3,MADS box,.
1301,M02500_2.00,46,500,2201,27655,0.03730228167232887,0.20908696310665617,0.29863150832171825,0.04515689687898312,True,A. thaliana,Zoo_01,TCP3,TCP,.
1302,M02693_2.00,32,500,1442,27655,0.037300793088172635,0.295612987700378,0.42221868982927196,0.04515689687898312,True,A. thaliana,JASPAR,AGL3,MADS box,.
1303,M07116_2.00,31,500,1389,27655,0.037360411039360816,0.3038338633466832,0.4337496849576446,0.04515811150858521,True,A. thaliana,OMalley2016,MYB3R5,Myb/SANT,c-myb
1304,M07173_2.00,37,500,1711,27655,0.037342258922540554,0.25829775808073685,0.368797387645992,0.04515811150858521,True,A. thaliana,OMalley2016,anac016,NAC/NAM,.
1305,M06987_2.00,32,500,1443,27655,0.03746567417488323,0.2946128524500024,0.42022588791292814,0.045250749328105716,True,A. thaliana,OMalley2016,AGL16,MADS box,.
1306,M06622_2.00,16,500,615,27655,0.03809615853739675,0.5250258367145983,0.7450740430413477,0.04597711957833913,True,A. thaliana,OMalley2016,PLT1,AP2,ANT
1307,M06974_2.00,5,500,114,27655,0.03866623678434456,1.278506517663821,1.8061053652855175,0.046629534977916665,True,A. thaliana,OMalley2016,GT-4,Trihelix,MADF
1308,M07190_2.00,41,500,1940,27655,0.038903122167752754,0.22517950448479443,0.3175066012881079,0.04687944828293987,True,A. thaliana,OMalley2016,NTL8,NAC/NAM,.
1309,M06995_2.00,52,500,2549,27655,0.03909643294176738,0.17419249706009077,0.24523914792216767,0.0470765121713132,True,A. thaliana,OMalley2016,AGL42,MADS box,.
1310,M01222_2.00,34,500,1562,27655,0.03931295290914928,0.26775254004956084,0.37631664533606984,0.047301201331328015,True,C. sativa,TF_Evolution,PK20555.1,Dof,.
1311,M02347_2.00,22,500,926,27655,0.03959762323810929,0.3940316723182614,0.552562782137217,0.04760748466878387,True,C. sativa,Zoo_01,PK02532.1,Myb/SANT,MYB-related
1312,M07284_2.00,19,500,772,27655,0.03976369070562536,0.44493891311670564,0.6231428712646501,0.04777081687355144,True,A. thaliana,OMalley2016,TCP13,TCP,.
1313,M02220_2.00,26,500,1137,27655,0.039866348409958584,0.3388916161900447,0.4742427391566679,0.047857780437467363,True,P. patens,Zoo_01,estExt_gwp_gw1.C_70211,Homeodomain,HD-ZIP
1314,M00877_2.00,20,500,824,27655,0.03995188867591988,0.42489600464534455,0.5942012075583664,0.0479240789048781,True,A. thaliana,Franco_Zorrilla2014,MYB46,Myb/SANT,R2R3-MYB
1315,M01318_2.00,28,500,1244,27655,0.040024735934593346,0.3160525888682021,0.44173770376281285,0.04793871781256975,True,C. sativa,TF_Evolution,PK19717.1,TCP,.
1316,M01952_2.00,36,500,1675,27655,0.04000191395826872,0.24944805815101545,0.34870823703404763,0.04793871781256975,True,P. patens,Zoo_01,e_gw1.170.52.1,Dof,.
1317,M07241_2.00,47,500,2282,27655,0.040258599437356886,0.1879742123301561,0.2622505940852162,0.048182320749781404,True,A. thaliana,OMalley2016,NAC101,NAC/NAM,.
1318,M07034_2.00,29,500,1299,27655,0.040321893856032444,0.3042637166208916,0.42428330173393075,0.04822156897608721,True,A. thaliana,OMalley2016,AT1G72740,Myb/SANT,MYB-related
1319,M07318_2.00,33,500,1517,27655,0.040761600212532265,0.2668571860526205,0.3708644473808246,0.048673783939587247,True,A. thaliana,OMalley2016,ZHD5,Homeodomain,HD-ZF
1320,M06748_2.00,20,500,827,27655,0.04073354462877611,0.4196530126572882,0.5833377453329508,0.048673783939587247,True,A. thaliana,OMalley2016,TGA9,bZIP,.
1321,M07073_2.00,14,500,524,27655,0.04079422716368265,0.5634003574613545,0.7827891834746699,0.04867597973266587,True,A. thaliana,OMalley2016,AT3G10580,Myb/SANT,MYB-related
1322,M02285_2.00,9,500,287,27655,0.04125644557369932,0.794486511707825,1.0999730832197272,0.049190377414795344,True,A. thaliana,Zoo_01,TRFL5,Myb/SANT,MYB-related
1323,M06936_2.00,16,500,626,27655,0.0416181318167777,0.499449590008582,0.6895987486350726,0.04953138021623099,True,A. thaliana,OMalley2016,HSFB4,HSF,.
1324,M07220_2.00,52,500,2574,27655,0.04160904802679392,0.16011181686159084,0.22108435333927615,0.04953138021623099,True,A. thaliana,OMalley2016,anac071,NAC/NAM,.
1325,M06676_2.00,31,500,1414,27655,0.04163643536203098,0.27809834251867677,0.38392212005369697,0.04953138021623099,True,A. thaliana,OMalley2016,ERF105,AP2,ERF
1326,M09705_2.00,7,500,199,27655,0.041692985286266526,0.9601987384551558,1.3250137738083634,0.04956136070495292,True,A. thaliana,Transfac,ANT,AP2,ANT
1327,M07277_2.00,22,500,935,27655,0.04174453723850535,0.38007750080349867,0.5242790372479141,0.04958535940952439,True,A. thaliana,OMalley2016,TCP15,TCP,.
1328,M01262_2.00,46,500,2240,27655,0.04179961142541408,0.18374737605324698,0.2533559820958593,0.049613502750435176,True,C. sativa,TF_Evolution,PK04914.1,Trihelix,MADF
1329,M02503_2.00,34,500,1582,27655,0.04244425407682634,0.24939739371874808,0.342218388650152,0.050340859486468444,True,A. thaliana,Zoo_01,TCP2,TCP,.
1330,M02694_2.00,35,500,1637,27655,0.042489641165583195,0.2419128474120135,0.33183594997811316,0.05035691355531262,True,A. thaliana,JASPAR,AGL1,MADS box,.
1331,M01155_2.00,29,500,1311,27655,0.04252249062736884,0.2909974618470181,0.3990684792433473,0.050358095641850294,True,C. sativa,TF_Evolution,PK09021.1,bZIP,.
1332,M08078_2.00,24,500,1044,27655,0.042591520260088056,0.34652494109247234,0.47497371746106865,0.05040209096646647,True,Zea mays,JASPAR,O2,bZIP,.
1333,M06975_2.00,25,500,1098,27655,0.042787120134416816,0.3326622877107267,0.4553105297907986,0.05059568955311367,True,A. thaliana,OMalley2016,GT-4,Trihelix,MADF
1334,M01322_2.00,40,500,1919,27655,0.04336757927353959,0.20525753563318272,0.27973211641765344,0.05124375398465328,True,C. sativa,TF_Evolution,PK27683.1,TCR/CxC,.
1335,M07370_2.00,25,500,1101,27655,0.043426064546458226,0.32872587315155627,0.44780666503464833,0.0512745392441751,True,A. thaliana,OMalley2016,GRF9,WRC,.
1336,M06664_2.00,29,500,1319,27655,0.04399259607998689,0.2822205828172279,0.3828662024305897,0.05190469731526811,True,A. thaliana,OMalley2016,ERF086,AP2,ERF
1337,M06660_2.00,24,500,1051,27655,0.044144399129942134,0.3368839837001783,0.45651970297639444,0.052032137704104205,True,A. thaliana,OMalley2016,SHN2,AP2,ERF
1338,M07054_2.00,37,500,1759,27655,0.04423225368394437,0.21838203509818907,0.29574625844217645,0.052032137704104205,True,A. thaliana,OMalley2016,ASR3,Trihelix,.
1339,M07209_2.00,37,500,1759,27655,0.04423225368394437,0.21838203509818907,0.29574625844217645,0.052032137704104205,True,A. thaliana,OMalley2016,anac057,NAC/NAM,.
1340,M01854_2.00,1,500,255,27655,0.0442319298607855,-2.2048849999176574,-2.985996625893187,0.052032137704104205,True,A. thaliana,Zoo_01,AZF2,C2H2 ZF,.
1341,M06592_2.00,12,500,436,27655,0.0448142566821483,0.6062466128854302,0.8175743625587517,0.052677576070242725,True,A. thaliana,OMalley2016,ERF118,AP2,ERF
1342,M06873_2.00,1,500,254,27655,0.04487570338146013,-2.1992162498309655,-2.9645187223135876,0.05271061444731684,True,A. thaliana,OMalley2016,E2FE,E2F,.
1343,M06897_2.00,2,500,328,27655,0.045145370998866736,-1.5680835676768834,-2.1096788919299634,0.05298799669577454,True,A. thaliana,OMalley2016,GATA16,GATA,.
1344,M06984_2.00,31,500,1435,27655,0.045240816547778236,0.25682972576502544,0.3452997497118755,0.05306063127747581,True,A. thaliana,OMalley2016,SVP,MADS box,.
1345,M06625_2.00,26,500,1164,27655,0.04538755655084278,0.3050328121740088,0.40967834389839014,0.05319327420821529,True,A. thaliana,OMalley2016,ERF095,AP2,ERF
1346,M06983_2.00,45,500,2217,27655,0.04553912062740893,0.16692847840356803,0.22395381064472222,0.053331370156987794,True,A. thaliana,OMalley2016,AGL55,MADS box,.
1347,M07059_2.00,13,500,487,27655,0.04558464988227845,0.5621301929999504,0.7539185460177692,0.053345175028780334,True,A. thaliana,OMalley2016,MYB57,Myb/SANT,R2R3-MYB
1348,M07033_2.00,27,500,1220,27655,0.045780251325288596,0.29169050665442037,0.3906674624242215,0.05353445069917254,True,A. thaliana,OMalley2016,AT1G72740,Myb/SANT,MYB-related
1349,M02264_2.00,13,500,489,27655,0.04640185248033356,0.5562175001300589,0.7416963913526884,0.05422123338611039,True,A. thaliana,Zoo_01,ASIL1,Trihelix,MADF
1350,M06899_2.00,33,500,1554,27655,0.046705248539582425,0.23209176789194397,0.3088292700063731,0.054495201432531226,True,A. thaliana,OMalley2016,ATHB-15,Homeodomain,HD-ZIP
1351,M07338_2.00,35,500,1665,27655,0.046704471420049784,0.21744499192754266,0.28934133864191086,0.054495201432531226,True,A. thaliana,OMalley2016,ZHD9,Homeodomain,HD-ZF
1352,M06776_2.00,19,500,798,27655,0.0469935287083663,0.3971510141624401,0.5274014323958086,0.05479112749847133,True,A. thaliana,OMalley2016,ATBZIP42,bZIP,.
1353,M07340_2.00,14,500,1064,27655,0.0471856844227842,-0.4584590765023849,-0.6080037240081113,0.05497462569817379,True,A. thaliana,OMalley2016,AT3G51470,Unknown,.
1354,M06741_2.00,28,500,1283,27655,0.04743728271068035,0.2715179039091223,0.3594571758631323,0.055227057412066,True,A. thaliana,OMalley2016,BIM3,bHLH,.
1355,M01276_2.00,22,500,960,27655,0.04780480849674717,0.3420094599699791,0.451633210850225,0.05561398251166834,True,C. sativa,TF_Evolution,PK05732.1,Myb/SANT,G2-like
1356,M07097_2.00,11,500,394,27655,0.047917330994861944,0.6268482361221215,0.8271308738514005,0.05570389728152701,True,A. thaliana,OMalley2016,MYB27,Myb/SANT,R2R3-MYB
1357,M02695_2.00,32,500,1507,27655,0.04806332149370343,0.23200473534337662,0.3058254450745096,0.05579156481758086,True,A. thaliana,JASPAR,AG,MADS box,.
1358,M10923_2.00,32,500,1507,27655,0.04806332149370343,0.23200473534337662,0.3058254450745096,0.05579156481758086,True,A. thaliana,Transfac,AG,MADS box,.
1359,M01999_2.00,16,500,648,27655,0.04891694368328082,0.44961843405657576,0.5892432507296652,0.056677038178167875,True,A. thaliana,Zoo_01,GATA6,GATA,.
1360,M06750_2.00,11,500,396,27655,0.04889570626206468,0.619543435498888,0.8120537189283283,0.056677038178167875,True,A. thaliana,OMalley2016,TGA3,bZIP,.
1361,M00855_2.00,27,500,1236,27655,0.04893368571359845,0.2728929112002944,0.3575967072588341,0.056677038178167875,True,A. thaliana,Franco_Zorrilla2014,BZIP60,bZIP,.
1362,M06845_2.00,26,500,1182,27655,0.04907963661970465,0.2828938349047602,0.37033594059277725,0.05676291550530582,True,A. thaliana,OMalley2016,GATA24,Dof,.
1363,M07205_2.00,35,500,1681,27655,0.049061738223510516,0.20364744464999976,0.26662685651285983,0.05676291550530582,True,A. thaliana,OMalley2016,NAC054,NAC/NAM,.
1364,M02517_2.00,30,500,1403,27655,0.049232873243210656,0.24205973892981986,0.3165523692196535,0.05689086232448892,True,C. sativa,Zoo_01,PK14653.1,TCP,.
1365,M06801_2.00,12,500,446,27655,0.04926223309438668,0.5735310377420519,0.7498837480151949,0.05689086232448892,True,A. thaliana,OMalley2016,STOP1,C2H2 ZF,.
1366,M07157_2.00,30,500,1405,27655,0.049581230240740425,0.24000461744143045,0.3131298726430097,0.0572174635113946,True,A. thaliana,OMalley2016,TRB2,Myb/SANT,MYB-related
1367,M06685_2.00,27,500,1240,27655,0.04971788978722494,0.26823153383043147,0.3496364012187734,0.05733332148329878,True,A. thaliana,OMalley2016,ABR1,AP2,ERF
1368,M02039_2.00,25,500,1132,27655,0.05004594587581932,0.2886663838840429,0.3754484758574516,0.05766956299538655,True,A. thaliana,Zoo_01,HDG11,Homeodomain,HD-GL2
1369,M01067_2.00,33,500,1577,27655,0.050314838532842354,0.21089561150914368,0.27380659843335703,0.05793718843439458,True,A. thaliana,Stam_Arabidopsis,LBD30,LOB,.
1370,M06919_2.00,18,500,757,27655,0.05036932234174023,0.39524394839778093,0.5129609918423029,0.057957713698901965,True,A. thaliana,OMalley2016,ANL2,Homeodomain,HD-GL2
1371,M06713_2.00,23,500,1025,27655,0.05046204353524685,0.3116221986054051,0.40418495011725725,0.05802217514852747,True,A. thaliana,OMalley2016,AT5G60130,B3,REM
1372,M06981_2.00,31,500,1469,27655,0.05098228724825961,0.22304606677179595,0.2883050376454279,0.058577758822309915,True,A. thaliana,OMalley2016,AT5G47660,Trihelix,MADF
1373,M01254_2.00,53,500,2739,27655,0.051028551983626894,0.09795534079902153,0.1265765939904148,0.05858833746268273,True,C. sativa,TF_Evolution,PK25034.1,Homeodomain,HD-KN
1374,M06786_2.00,12,500,450,27655,0.05107236268796161,0.5606497464453197,0.7242552198856961,0.0585960852029516,True,A. thaliana,OMalley2016,TGA2,bZIP,.
1375,M01074_2.00,20,500,866,27655,0.05113988437630704,0.35317331710183797,0.45603160517026614,0.05863100594557029,True,A. thaliana,Stam_Arabidopsis,RVE8,Myb/SANT,MYB-related
1376,M07227_2.00,36,500,1754,27655,0.05138506472844157,0.1829604059387796,0.23586580264575127,0.058869411112801535,True,A. thaliana,OMalley2016,NAC078,NAC/NAM,.
1377,M06989_2.00,21,500,921,27655,0.051474828063044625,0.33472851362862527,0.43126592251608964,0.05892954610258765,True,A. thaliana,OMalley2016,AGL13,MADS box,.
1378,M07300_2.00,25,500,1139,27655,0.05153175309337956,0.27977259500781354,0.3603261425714249,0.058952027236348105,True,A. thaliana,OMalley2016,TCX2,TCR/CxC,.
1379,M01088_2.00,25,500,1141,27655,0.05195476044311523,0.27724155042724363,0.35608202021438046,0.05939296909657641,True,A. thaliana,Stam_Arabidopsis,AT2G42040,WRC,.
1380,M07249_2.00,22,500,980,27655,0.052680253963054244,0.31226211657592723,0.3991809449786226,0.06017881612398032,True,A. thaliana,OMalley2016,RKD2,RWP-RK,.
1381,M02506_2.00,14,500,556,27655,0.052975489680314375,0.47788228627529716,0.6097419657624809,0.0604723820827271,True,A. lyrata,Zoo_01,TCP24,TCP,.
1382,M02516_2.00,33,500,1596,27655,0.05320242423417389,0.19361762007730826,0.24668212590498598,0.06068761379092995,True,Manihot esculenta,Zoo_01,cassava45561.m1,TCP,.
1383,M02037_2.00,26,500,1699,27655,0.0534055517927431,-0.24056198210192797,-0.3060943360794453,0.06087539825834668,True,A. thaliana,Zoo_01,KNAT6,Homeodomain,HD-KN
1384,M07325_2.00,38,500,1891,27655,0.05419938801461888,0.15246230243502443,0.19301813129610706,0.06173575825008101,True,A. thaliana,OMalley2016,SDG37,Unknown,.
1385,M07275_2.00,15,500,612,27655,0.05452874709295488,0.43897118985706735,0.5545849991521775,0.062066198095004806,True,A. thaliana,OMalley2016,TCP3,TCP,.
1386,M06779_2.00,24,500,1100,27655,0.05501011036884927,0.2711431292503349,0.34152035760327554,0.06256905359219475,True,A. thaliana,OMalley2016,BZIP53,bZIP,.
1387,M07281_2.00,18,500,775,27655,0.05578832360796245,0.361340938221913,0.45292521587065127,0.06340858348252237,True,A. thaliana,OMalley2016,TCP9,TCP,.
1388,M01843_2.00,22,500,998,27655,0.057019388351513996,0.28600405024123704,0.3557825878760767,0.06476124495958593,True,O. tauri,Zoo_01,100010379,bZIP,.
1389,M06950_2.00,14,500,568,27655,0.057689702470675175,0.4470762394941225,0.5538835135277671,0.06547553453419774,True,A. thaliana,OMalley2016,HSFA6A,HSF,.
1390,M00723_2.00,25,500,1170,27655,0.05796993023747853,0.24103181224515863,0.29810747586356134,0.06574638429372566,True,A. thaliana,Chang2013,EIL3,EIN3,.
1391,M06744_2.00,8,500,267,27655,0.05819102056871273,0.7287725052536468,0.9001390061583322,0.06594982331120777,True,A. thaliana,OMalley2016,AT1G06070,bZIP,.
1392,M01309_2.00,11,500,415,27655,0.05841760580248132,0.5519325293442106,0.6807846258004822,0.06615919396398494,True,A. thaliana,TF_Evolution,AT3G04930,Storekeeper,.
1393,M01443_2.00,12,500,467,27655,0.058900536188392194,0.5071521979526946,0.6237367264384229,0.06665837345300504,True,A. thaliana,TFs_NonAnimalZFs,YY1,C2H2 ZF,.
1394,M02511_2.00,33,500,1637,27655,0.05900056016766266,0.15702394982550047,0.19300502459018973,0.06672380945999619,True,G. max,Zoo_01,GLYMA19G26560,TCP,.
1395,M01086_2.00,28,500,1348,27655,0.059279930636899444,0.20021857781694616,0.2456866777977828,0.06699183011932668,True,A. thaliana,Stam_Arabidopsis,TCP9,TCP,.
1396,M00875_2.00,17,500,735,27655,0.06012606480201084,0.35533083846781327,0.433836645891554,0.06789950603712795,True,A. thaliana,Franco_Zorrilla2014,CCA1,Myb/SANT,MYB-related
1397,M06931_2.00,18,500,791,27655,0.06057350084831473,0.3318595539107211,0.4041111284435404,0.0683138231909593,True,A. thaliana,OMalley2016,HDG7,Homeodomain,HD-GL2
1398,M02348_2.00,7,500,223,27655,0.06057936756086334,0.7959234590784998,0.9691763089101997,0.0683138231909593,True,C. sativa,Zoo_01,PK06103.1,Myb/SANT,MYB-related
1399,M01258_2.00,42,500,2204,27655,0.06083359150400583,0.07587735114880323,0.09225597384673702,0.06855160952803507,True,A. thaliana,TF_Evolution,AT3G10030,Trihelix,MADF
1400,M02373_2.00,24,500,1128,27655,0.06097007071260957,0.23487958526356323,0.28535128594979126,0.06865646851612231,True,A. thaliana,Zoo_01,NAC079,NAC/NAM,.
1401,M07280_2.00,18,500,793,27655,0.06116629278750304,0.32821638267953446,0.39828658951652274,0.068779451562619,True,A. thaliana,OMalley2016,TCP22,TCP,.
1402,M07011_2.00,32,500,1594,27655,0.06112363916543227,0.1510325229507286,0.18332188636537775,0.068779451562619,True,A. thaliana,OMalley2016,AT1G18960,Myb/SANT,MYB-related
1403,M07286_2.00,18,500,795,27655,0.06175749156374498,0.32458238821179525,0.3925208422321717,0.06939487858015694,True,A. thaliana,OMalley2016,TCP20,TCP,.
1404,M06784_2.00,12,500,474,27655,0.06215987322647179,0.4856876887640978,0.5859772813049062,0.06979741446807664,True,A. thaliana,OMalley2016,TGA10,bZIP,.
1405,M01950_2.00,32,500,1603,27655,0.062285180914848685,0.14290972678665237,0.172294148810189,0.06988848192077769,True,A. thaliana,Zoo_01,DOF5.6,Dof,.
1406,M01706_2.00,20,500,909,27655,0.06256678125478995,0.28326004763445595,0.3409477087823103,0.0701049476710297,True,A. thaliana,Zoo_01,BHLH104,bHLH,.
1407,M07203_2.00,34,500,1726,27655,0.06254989742356103,0.12371452901258514,0.1489242589931592,0.0701049476710297,True,A. thaliana,OMalley2016,NAC053,NAC/NAM,.
1408,M01942_2.00,6,500,551,27655,0.06280278679757212,-0.731477570908801,-0.8792514631032459,0.07026978480322825,True,A. thaliana,Zoo_01,DOF3.1,Dof,.
1409,M06917_2.00,19,500,854,27655,0.06279188788106994,0.29930369076429564,0.3597919069485105,0.07026978480322825,True,A. thaliana,OMalley2016,HDG1,Homeodomain,HD-GL2
1410,M06787_2.00,11,500,424,27655,0.06301840269058762,0.5209796010152984,0.6254529996220543,0.07046117019364853,True,A. thaliana,OMalley2016,TGA5,bZIP,.
1411,M07276_2.00,9,500,323,27655,0.06314517597918506,0.6240030836895878,0.7485914283554738,0.07055301994564776,True,A. thaliana,OMalley2016,TCP1,TCP,.
1412,M06751_2.00,13,500,529,27655,0.06328425652887887,0.44278424296826685,0.5307673838452769,0.07065848133626941,True,A. thaliana,OMalley2016,TGA3,bZIP,.
1413,M02661_2.00,10,500,374,27655,0.06361771477317402,0.564502071940926,0.6753826614162599,0.07098066835313206,True,Antirrhinum majus,JASPAR,bZIP911,bZIP,.
1414,M07161_2.00,30,500,1498,27655,0.06424458728460826,0.14753712409096778,0.1758883678186116,0.07162954336880512,True,A. thaliana,OMalley2016,NAC004,NAC/NAM,.
1415,M01956_2.00,30,500,1502,27655,0.06477694133044198,0.1436899350354471,0.17078692013053298,0.07217219467472077,True,P. patens,Zoo_01,gw1.385.26.1,Dof,.
1416,M02042_2.00,20,500,918,27655,0.06486759901387723,0.2690461884147549,0.3196193860551268,0.07222230566263373,True,A. thaliana,Zoo_01,ATHB-4,Homeodomain,HD-ZIP
1417,M00980_2.00,11,500,428,27655,0.06506975448187571,0.5074330691773508,0.6021306506922052,0.07239639819552815,True,A. thaliana,Lindemose2014,NAC105,NAC/NAM,.
1418,M07053_2.00,34,500,1777,27655,0.06733463191940477,0.08170331216286206,0.0957367963976466,0.07486360975005552,True,A. thaliana,OMalley2016,ASR3,Trihelix,.
1419,M00975_2.00,24,500,1507,27655,0.06752695954299628,-0.1830327639354671,-0.21424402412172378,0.07489845829015468,True,A. thaliana,Lindemose2014,NTL8,NAC/NAM,.
1420,M06699_2.00,18,500,815,27655,0.06755547218327677,0.288737189265073,0.3379205279399399,0.07489845829015468,True,A. thaliana,OMalley2016,HMGB9,HMGBox,.
1421,M07254_2.00,25,500,1220,27655,0.06742650734652965,0.1806591942656766,0.21158250857954602,0.07489845829015468,True,A. thaliana,OMalley2016,SPL11,SBP,.
1422,M06918_2.00,18,500,815,27655,0.06755547218327677,0.288737189265073,0.3379205279399399,0.07489845829015468,True,A. thaliana,OMalley2016,HDG1,Homeodomain,HD-GL2
1423,M07371_2.00,17,500,759,27655,0.06762022992240414,0.3089752027760736,0.3614773064241569,0.07491771794486402,True,A. thaliana,OMalley2016,GRF9,WRC,.
1424,M00845_2.00,25,500,1222,27655,0.0677708058854975,0.1782960568971958,0.20842048618371112,0.07503196365894366,True,A. thaliana,Franco_Zorrilla2014,RAP2.7,AP2,DREB
1425,M06654_2.00,24,500,1165,27655,0.0682000230320944,0.18831669812071428,0.21961784824157435,0.07545432919086162,True,A. thaliana,OMalley2016,ERF109,AP2,ERF
1426,M06943_2.00,17,500,763,27655,0.06883604680592614,0.30139203135700954,0.3502730203146663,0.0761047482518666,True,A. thaliana,OMalley2016,HSFC1,HSF,.
1427,M07314_2.00,33,500,1734,27655,0.06908460846291273,0.07397437307781901,0.08585604067275313,0.07632618167705452,True,A. thaliana,OMalley2016,DEP,Unknown,.
1428,M06994_2.00,33,500,1739,27655,0.06943058637265993,0.06982033899306696,0.08088331354023515,0.07665485827875373,True,A. thaliana,OMalley2016,AGL80,MADS box,.
1429,M07273_2.00,16,500,711,27655,0.07015401753059962,0.3157626873217853,0.3643735488046459,0.07739951271170831,True,A. thaliana,OMalley2016,TCP24,TCP,.
1430,M02371_2.00,10,500,387,27655,0.07102420604003475,0.5152067756841527,0.5917632116344862,0.07830493009016383,True,A. thaliana,Zoo_01,NTL9,NAC/NAM,.
1431,M00870_2.00,29,500,1507,27655,0.0724015949683634,0.08998573047094892,0.10260639712090189,0.07976788964807147,True,A. thaliana,Franco_Zorrilla2014,LBD16,LOB,.
1432,M01212_2.00,31,500,1649,27655,0.07262724795117882,0.05628906389060868,0.06410763806483459,0.0799607792554413,True,A. thaliana,TF_Evolution,DOF2.5,Dof,.
1433,M06794_2.00,14,500,608,27655,0.0732443537811331,0.348895845555219,0.39607558224862266,0.0805840802560692,True,A. thaliana,OMalley2016,TGA1,bZIP,.
1434,M07299_2.00,25,500,1259,27655,0.07353551733090753,0.1352620589969087,0.1533199290886394,0.08084815917953046,True,A. thaliana,OMalley2016,TSO1,TCR/CxC,.
1435,M07298_2.00,24,500,1199,27655,0.07390387063125956,0.14681499424813302,0.16609662077531606,0.08114029129723706,True,A. thaliana,OMalley2016,TCX3,TCR/CxC,.
1436,M07293_2.00,17,500,780,27655,0.07385313771183687,0.2696009644419293,0.3050888220946228,0.08114029129723706,True,A. thaliana,OMalley2016,TCP21,TCP,.
1437,M02018_2.00,9,500,340,27655,0.07403112852276801,0.550002502245811,0.62182492562842,0.08122360457633325,True,O. tauri,Zoo_01,300010106,GATA,.
1438,M07279_2.00,18,500,843,27655,0.07516109683107866,0.24000461744143045,0.2697668438365995,0.08240616788483728,True,A. thaliana,OMalley2016,TCP22,TCP,.
1439,M07295_2.00,25,500,1274,27655,0.07550866539150215,0.11817506445962489,0.13259280116671002,0.08272986831875599,True,A. thaliana,OMalley2016,AT2G20110,TCR/CxC,.
1440,M01645_2.00,22,500,1086,27655,0.07568360744990645,0.1640916677741361,0.18394646019275188,0.08286411591295159,True,A. thaliana,Zoo_01,RAV1,AP2,B3
1441,M01939_2.00,26,500,1345,27655,0.07609377495501417,0.09651769763830613,0.10796960646649792,0.08325554200960374,True,A. thaliana,Zoo_01,DOF1.8,Dof,.
1442,M01313_2.00,16,500,732,27655,0.07674867785291893,0.27376859865715797,0.30523257658738756,0.08391401084748605,True,C. sativa,TF_Evolution,PK10344.1,TCP,.
1443,M07288_2.00,20,500,971,27655,0.07711567877075147,0.18806904640937053,0.20929401391052124,0.08425700631413827,True,A. thaliana,OMalley2016,TCP16,TCP,.
1444,M07303_2.00,11,500,454,27655,0.07827486757361048,0.4223515682875829,0.4672803391668992,0.08546447902892138,True,A. thaliana,OMalley2016,AT1G10720,Unknown,.
1445,M08106_2.00,26,500,1373,27655,0.07852001580309574,0.06679224493519194,0.0738067412284448,0.08563921143074497,True,A. thaliana,JASPAR,E2FA,E2F,.
1446,M01853_2.00,5,500,148,27655,0.07854323629005706,0.9019431661996132,0.9965490745012574,0.08563921143074497,True,A. thaliana,Zoo_01,ZFP8,C2H2 ZF,.
1447,M02525_2.00,4,500,104,27655,0.0791971764396917,1.0890287188001084,1.1993367663147334,0.08629271947012583,True,Brachypodium distachyon,Zoo_01,BRADI1G55710,TCR/CxC,.
1448,M01855_2.00,27,500,1480,27655,0.07932770186805758,0.012974478588356831,0.01427938842129193,0.08637541091831889,True,A. thaliana,Zoo_01,ZAT7,C2H2 ZF,.
1449,M06967_2.00,17,500,805,27655,0.08066450135695337,0.2240863051895608,0.24499748939959975,0.08777052762927962,True,A. thaliana,OMalley2016,GT-1,Trihelix,MADF
1450,M02656_2.00,15,500,688,27655,0.08116654485725783,0.27009427784762097,0.29457101563429305,0.08825605737230029,True,A. thaliana,JASPAR,ABF1,bZIP,.
1451,M06775_2.00,15,500,689,27655,0.0814806585748396,0.26799885984542754,0.29183614424188964,0.08853671560606283,True,A. thaliana,OMalley2016,ATBZIP42,bZIP,.
1452,M01947_2.00,10,500,729,27655,0.08224790685032717,-0.39837847249837416,-0.43219090340236455,0.08930902522690058,True,A. thaliana,Zoo_01,DOF5.3,Dof,.
1453,M06972_2.00,24,500,1283,27655,0.08273362739059746,0.049125482572674184,0.0531693908026671,0.08977478716852065,True,A. thaliana,OMalley2016,AT3G10030,Trihelix,MADF
1454,M00853_2.00,21,500,1069,27655,0.08303404759797724,0.11973972199947046,0.1294079611272017,0.09003897753937037,True,A. thaliana,Franco_Zorrilla2014,REM1,B3,REM
1455,M10077_2.00,6,500,200,27655,0.08355801034902939,0.730574747887632,0.7875682792370202,0.09050525069410077,True,Antirrhinum majus,Transfac,O22676_ANTMA,bZIP,.
1456,M02499_2.00,24,500,1303,27655,0.08357853637785397,0.02680956909422212,0.028898174967620198,0.09050525069410077,True,A. thaliana,Zoo_01,TCP24,TCP,.
1457,M07361_2.00,14,500,637,27655,0.08367462760290231,0.2816737967425042,0.3034770983144578,0.09054728695427006,True,A. thaliana,OMalley2016,ATMYB119,C2H2 ZF,.
1458,M02268_2.00,22,500,1145,27655,0.08386694919384645,0.08776817259419135,0.09447446449031804,0.0906933287793921,True,A. lyrata,Zoo_01,fgenesh2_kg.5__353__AT3G25990.1,Trihelix,MADF
1459,M07204_2.00,14,500,638,27655,0.08401303393223553,0.2794107452339353,0.3005490989646945,0.09078920481672205,True,A. thaliana,OMalley2016,AT3G12910,NAC/NAM,.
1460,M07250_2.00,16,500,762,27655,0.0852185606879137,0.21582124944787848,0.2308134463108889,0.0919662419437485,True,A. thaliana,OMalley2016,RKD2,RWP-RK,.
1461,M06773_2.00,12,500,525,27655,0.08519318694677608,0.33825732510887174,0.3617983893685853,0.0919662419437485,True,A. thaliana,OMalley2016,TGA6,bZIP,.
1462,M07287_2.00,6,500,507,27655,0.08536587672242599,-0.6114109993409839,-0.6534245311115817,0.09206238137664086,True,A. thaliana,OMalley2016,TCP16,TCP,.
1463,M02514_2.00,23,500,1261,27655,0.08556174241882879,0.012677832669993365,0.013536380313916511,0.09221071217734718,True,A. lyrata,Zoo_01,TCP4,TCP,.
1464,M00862_2.00,15,500,968,27655,0.08601333908428899,-0.22250420472487542,-0.23706358768004582,0.09263425687483712,True,A. thaliana,Franco_Zorrilla2014,DOF5.7,Dof,.
1465,M07088_2.00,14,500,646,27655,0.08665910347060937,0.26143300430487953,0.27769042698344903,0.09326619645135018,True,A. thaliana,OMalley2016,MYB118,Myb/SANT,R2R3-MYB
1466,M06820_2.00,13,500,589,27655,0.08747902765048236,0.28778433125183184,0.30450346498133923,0.09395675456210097,True,A. thaliana,OMalley2016,STOP2,C2H2 ZF,.
1467,M06875_2.00,4,500,391,27655,0.08742094043909229,-0.8215563603661517,-0.8695225389309218,0.09395675456210097,True,A. thaliana,OMalley2016,E2FD,E2F,.
1468,M06883_2.00,22,500,1216,27655,0.08745469805528115,0.0009725421349121408,0.001029160479667264,0.09395675456210097,True,A. thaliana,OMalley2016,GATA28,GATA,.
1469,M01220_2.00,21,500,1112,27655,0.08759224579291583,0.06284478699645321,0.06646052024839945,0.09401448784697891,True,C. sativa,TF_Evolution,PK16340.1,Dof,.
1470,M00725_2.00,1,500,206,27655,0.08786744106592698,-1.897032090242018,-2.0035922170841367,0.09424587810395559,True,A. thaliana,Chang2013,EIN3,EIN3,.
1471,M01674_2.00,8,500,308,27655,0.087968411139425,0.522681896246299,0.5517812972045483,0.09429020882130909,True,Brachypodium distachyon,Zoo_01,BRADI5G22430,AT hook,.
1472,M01941_2.00,11,500,476,27655,0.08887090645209636,0.35408229227055393,0.3722256070744105,0.09519302378100565,True,A. thaliana,Zoo_01,GATA24,Dof,.
1473,M01108_2.00,9,500,364,27655,0.08911564163827873,0.45159879818481646,0.47419953946111043,0.09539054125261928,True,C. sativa,TF_Evolution,PK26376.1,AT hook,.
1474,M00881_2.00,7,500,257,27655,0.08938952635858095,0.5911988098049268,0.6199980925518171,0.09561897237680413,True,A. thaliana,Franco_Zorrilla2014,KAN4,Myb/SANT,G2-like
1475,M07274_2.00,14,500,658,27655,0.09040720264586388,0.23487958526356323,0.2451665990291584,0.09664218213868209,True,A. thaliana,OMalley2016,TCP3,TCP,.
1476,M06871_2.00,16,500,785,27655,0.09072302023627313,0.1729195931622112,0.180231065899312,0.0969142533740188,True,A. thaliana,OMalley2016,E2FA,E2F,.
1477,M02155_2.00,5,500,158,27655,0.09122256123417198,0.8076157836514599,0.8398378268676027,0.09738208596301547,True,Oryza sativa,Zoo_01,ZHD7,Homeodomain,HD-ZF
1478,M07291_2.00,14,500,662,27655,0.09159271965057134,0.22613595219158691,0.2347605615255246,0.09771126165152043,True,A. thaliana,OMalley2016,TCP17,TCP,.
1479,M02508_2.00,17,500,856,27655,0.09166348850425898,0.13546429179039302,0.1405853321996084,0.09772081950454042,True,A. lyrata,Zoo_01,TCP2,TCP,.
1480,M01219_2.00,18,500,1059,27655,0.09265250739483878,-0.0890934356088238,-0.09204624358953005,0.0987086348997575,True,C. sativa,TF_Evolution,PK15337.1,Dof,.
1481,M02557_2.00,19,500,1025,27655,0.09319715271996688,0.035987755991977705,0.03708888616069445,0.09922201915842939,True,A. thaliana,Zoo_01,WRKY22,WRKY,.
1482,M07329_2.00,18,500,950,27655,0.09428606578056728,0.06760973516520277,0.06933733193835187,0.1003137752349104,True,A. thaliana,OMalley2016,AT2G31460,Unknown,.
1483,M06876_2.00,2,500,264,27655,0.09469713710067472,-1.254925682417253,-1.2846211776564302,0.10068337172573419,True,A. thaliana,OMalley2016,E2FD,E2F,.
1484,M01647_2.00,17,500,877,27655,0.09481423633947672,0.10049824574680685,0.10282241325466282,0.10074012611069402,True,A. thaliana,Zoo_01,ARF14,B3,ARF
1485,M07309_2.00,18,500,982,27655,0.09604207597142114,0.01981422406881962,0.020161735067651548,0.10197617334507511,True,A. thaliana,OMalley2016,AT1G24250,Unknown,.
1486,M09781_2.00,11,500,493,27655,0.09639886398221545,0.30345621920058613,0.30828969536081585,0.102286311379787,True,A. thaliana,Transfac,PIF3,bHLH,.
1487,M01648_2.00,12,500,783,27655,0.09733230137059443,-0.23843755962868393,-0.24123753376093368,0.10320749058813533,True,A. thaliana,Zoo_01,ARF14,B3,ARF
1488,M02278_2.00,7,500,267,27655,0.09768174062801985,0.5361274273112507,0.5415887483964738,0.1033853176065249,True,Ricinus communis,Zoo_01,29929.m004704,Trihelix,MADF
1489,M02019_2.00,17,500,906,27655,0.09769618248206717,0.05356403814530491,0.054106235096192126,0.1033853176065249,True,O. tauri,Zoo_01,fgenesh1_pg.C_Chr_07.0001000042,GATA,.
1490,M01996_2.00,7,500,267,27655,0.09768174062801985,0.5361274273112507,0.5415887483964738,0.1033853176065249,True,A. thaliana,Zoo_01,GATA28,GATA,.
1491,M07332_2.00,16,500,937,27655,0.09890502222949246,-0.08243680071798642,-0.08283098506696021,0.1045945419028947,True,A. thaliana,OMalley2016,FHA2,Unknown,.
1492,M01265_2.00,14,500,692,27655,0.09933716646133917,0.16219513136208014,0.16266358855960739,0.10498132364664252,True,C. sativa,TF_Evolution,PK26075.1,Trihelix,MADF
1493,M01216_2.00,16,500,919,27655,0.10050551766661946,-0.05445261434783397,-0.054333368306021285,0.10614510583228147,True,C. sativa,TF_Evolution,PK07031.1,Dof,.
1494,M00871_2.00,4,500,372,27655,0.10143340596556583,-0.7496903741668309,-0.7450565315026852,0.1070535479516419,True,A. thaliana,Franco_Zorrilla2014,MYB52,Myb/SANT,R2R3-MYB
1495,M02262_2.00,14,500,843,27655,0.1026571774569331,-0.1225654619432776,-0.12116952477064288,0.10827284693756586,True,P. patens,Zoo_01,gw1.238.28.1,LOB,.
1496,M07278_2.00,15,500,864,27655,0.10355297647752369,-0.05852846961374951,-0.05764102662683164,0.10907212245900398,True,A. thaliana,OMalley2016,TCP15,TCP,.
1497,M01312_2.00,11,500,511,27655,0.10352705552088193,0.25172057464087627,0.247931207812426,0.10907212245900398,True,Oryza sativa,TF_Evolution,TB1,TCP,.
1498,M02005_2.00,8,500,334,27655,0.10566288201206975,0.40576414446714826,0.39605727114563327,0.11122038379566063,True,A. thaliana,Zoo_01,GATA27,GATA,.
1499,M01940_2.00,13,500,656,27655,0.10644701589893624,0.13235615046420882,0.12876486603692391,0.11197121233281317,True,A. thaliana,Zoo_01,DOF2.4,Dof,.
1500,M06872_2.00,14,500,740,27655,0.10693391556611406,0.06544189848249261,0.06353652688049267,0.11240859076464517,True,A. thaliana,OMalley2016,E2FA,E2F,.
1501,M06947_2.00,14,500,761,27655,0.10826777523645646,0.02507071549525914,0.0242057955494041,0.11373511803909479,True,A. thaliana,OMalley2016,HSFA4A,HSF,.
1502,M00864_2.00,8,500,339,27655,0.10880026757734414,0.3843269738048566,0.3702490908041345,0.11421860759613618,True,A. thaliana,Franco_Zorrilla2014,ATHB-15,Homeodomain,HD-ZIP
1503,M01238_2.00,12,500,731,27655,0.10989262460287634,-0.1392966582900807,-0.13358987674971862,0.11528881187601027,True,A. thaliana,TF_Evolution,KNAT4,Homeodomain,HD-KN
1504,M00863_2.00,8,500,343,27655,0.11123306139263549,0.36740367076838815,0.3504171698021109,0.11661768571734529,True,A. thaliana,Franco_Zorrilla2014,GATA12,GATA,.
1505,M07045_2.00,6,500,231,27655,0.11411519713238616,0.5226818962462992,0.49270949485680715,0.11956005743293739,True,A. thaliana,OMalley2016,EFM,Myb/SANT,G2-like
1506,M02507_2.00,12,500,679,27655,0.11642094415415713,-0.03283682658237511,-0.030668574243817703,0.12181436976023986,True,A. lyrata,Zoo_01,AT-TCP20,TCP,.
1507,M02509_2.00,12,500,679,27655,0.11642094415415713,-0.03283682658237511,-0.030668574243817703,0.12181436976023986,True,A. lyrata,Zoo_01,fgenesh2_kg.8__1074__AT5G51910.2,TCP,.
1508,M06877_2.00,10,500,483,27655,0.1165760397343563,0.1955171529927898,0.18249389276535172,0.12189597805556701,True,A. thaliana,OMalley2016,EIL3,EIN3,.
1509,M01851_2.00,4,500,127,27655,0.11718832399882528,0.8007837501690346,0.7456222875575533,0.12245521496506462,True,A. thaliana,Zoo_01,ZFP5,C2H2 ZF,.
1510,M07096_2.00,9,500,582,27655,0.11881066540470199,-0.2254819045247711,-0.20860336001593022,0.12406846895959964,True,A. thaliana,OMalley2016,F3A4.140,Myb/SANT,R2R3-MYB
1511,M02518_2.00,11,500,622,27655,0.12145234955768748,-0.03187071455210475,-0.02918063754152332,0.12674334300376497,True,Lotus japonicus,Zoo_01,LjSGA_053525.1,TCP,.
1512,M00848_2.00,6,500,241,27655,0.1230282908568714,0.4615416014323951,0.4200005538833342,0.12830325055719902,True,A. thaliana,Franco_Zorrilla2014,ERF1A,AP2,ERF
1513,M01998_2.00,7,500,303,27655,0.12424397713269308,0.35364937552585357,0.32030895863931236,0.129485647888456,True,A. thaliana,Zoo_01,GATA1,GATA,.
1514,M02266_2.00,9,500,440,27655,0.1254803020307931,0.17803372485885316,0.16048395155580944,0.13068798254985764,True,A. thaliana,Zoo_01,AT5G47660,Trihelix,MADF
1515,M02350_2.00,10,500,562,27655,0.12734979058353973,-0.023029788392363113,-0.020611701255564076,0.13254774121960258,True,C. sativa,Zoo_01,PK08316.1,Myb/SANT,MYB-related
1516,M01314_2.00,7,500,313,27655,0.13030380677131706,0.30680451206618625,0.2715351539784709,0.1355331042799028,True,C. sativa,TF_Evolution,PK12240.1,TCP,.
1517,M02510_2.00,9,500,534,27655,0.13096984328359215,-0.10130249330404108,-0.08943274767566889,0.1361363065294932,True,A. lyrata,Zoo_01,TCP5,TCP,.
1518,M02038_2.00,9,500,482,27655,0.13357287183925395,0.04650410215355121,0.040657687186222785,0.13875079525483608,True,A. thaliana,Zoo_01,RLT1,Homeodomain,HD-other
1519,M02501_2.00,9,500,500,27655,0.13415768844712292,-0.006390846278574307,-0.005575274808932284,0.1392396135970947,True,A. thaliana,Zoo_01,TCP4,TCP,.
1520,M01218_2.00,5,500,378,27655,0.1342195895774651,-0.45084589239250983,-0.3932206159746448,0.1392396135970947,True,C. sativa,TF_Evolution,PK14080.1,Dof,.
1521,M06951_2.00,8,500,494,27655,0.13466319118837686,-0.1588987946434771,-0.13836129991125495,0.1396082001762779,True,A. thaliana,OMalley2016,HSFA6A,HSF,.
1522,M02001_2.00,7,500,323,27655,0.13565762811149853,0.26143300430487953,0.22680771411676964,0.14054699216532057,True,A. thaliana,Zoo_01,GATA26,GATA,.
1523,M01945_2.00,8,500,487,27655,0.13641823967718,-0.1383095251411417,-0.11965538185063587,0.1411500241686005,True,A. thaliana,Zoo_01,DOF4.7,Dof,.
1524,M07093_2.00,3,500,280,27655,0.13638352779921434,-0.7548520792826097,-0.6531267637303382,0.1411500241686005,True,A. thaliana,OMalley2016,TRP2,Myb/SANT,MYB-related
1525,M02363_2.00,6,500,260,27655,0.13792663703070757,0.35206312463390227,0.3028981615683529,0.14261740558897884,True,O. tauri,Zoo_01,A0A096P9U6_OSTTA,Myb/SANT,MYB
1526,M01215_2.00,1,500,171,27655,0.13856195013832573,-1.6283840779446974,-1.3977332647260245,0.14318068180960325,True,C. sativa,TF_Evolution,PK05671.1,Dof,.
1527,M02505_2.00,8,500,416,27655,0.13991025390840256,0.08902871880010851,0.07604392069373692,0.14447949799424195,True,A. thaliana,Zoo_01,TCP5,TCP,.
1528,M00726_2.00,6,500,272,27655,0.14570973615778146,0.2869680964120174,0.24005209217753712,0.15037016505577838,True,P. patens,Chang2013,e_gw1.87.73.1,EIN3,.
1529,M00868_2.00,6,500,277,27655,0.14854469477341276,0.2606887716131686,0.2158875434006015,0.15319580067629848,True,A. thaliana,Franco_Zorrilla2014,HSFC1,HSF,.
1530,M01689_2.00,5,500,211,27655,0.1502150834400509,0.3902973431213779,0.3213265166544778,0.15481750125079563,True,V. vinifera,Zoo_01,VIT_08s0007g04020,AT hook,.
1531,M01060_2.00,7,500,376,27655,0.15100795186305413,0.042234507321167444,0.03467453823019953,0.15553327159315217,True,A. thaliana,Stam_Arabidopsis,IDD9,C2H2 ZF,.
1532,M06944_2.00,5,500,351,27655,0.15157840550006102,-0.3439306884759978,-0.2818039657338372,0.15601917909869562,True,A. thaliana,OMalley2016,HSFC1,HSF,.
1533,M01291_2.00,3,500,264,27655,0.15314077068160006,-0.6699631816960967,-0.545959141430421,0.15752476151438496,True,C. sativa,TF_Evolution,PK19314.1,NAC/NAM,.
1534,M02004_2.00,4,500,153,27655,0.15508827429282943,0.5320805942485488,0.4306772260995194,0.15942429236473557,True,A. thaliana,Zoo_01,GATA7,GATA,.
1535,M02308_2.00,3,500,97,27655,0.15702484120471974,0.7745180954752289,0.622737052279966,0.16131011952219748,True,A. thaliana,Zoo_01,KAN1,Myb/SANT,G2-like
1536,M01063_2.00,4,500,156,27655,0.15882953819765813,0.5040662180789521,0.4027835511158945,0.16305811681201135,True,A. thaliana,Stam_Arabidopsis,DOF5.6,Dof,.
1537,M01290_2.00,5,500,237,27655,0.16815648753471665,0.22265328293030393,0.1723974028313818,0.17252135418065348,True,C. sativa,TF_Evolution,PK11990.1,NAC/NAM,.
1538,M02545_2.00,1,500,154,27655,0.17037336721524116,-1.477318103753701,-1.135464173099991,0.17468242124986788,True,A. thaliana,Zoo_01,AtGRF6,WRC,.
1539,M00894_2.00,2,500,51,27655,0.1706004307091391,1.1170430949697048,0.857911300087904,0.1748018671102715,True,A. thaliana,Franco_Zorrilla2014,AHL12,AT hook,.
1540,M02700_2.00,3,500,104,27655,0.17074164658974553,0.6739912195212646,0.5173964599383974,0.1748332534056915,True,A. thaliana,JASPAR,RAX3,Myb/SANT,R2R3-MYB
1541,M06870_2.00,5,500,305,27655,0.17334079853597517,-0.14126890062168584,-0.10751964824905164,0.1773798074339008,True,A. thaliana,OMalley2016,E2FC,E2F,.
1542,M02015_2.00,4,500,170,27655,0.17415237934973143,0.38007750080349867,0.28850565188163463,0.17809502700642005,True,Oryza sativa,Zoo_01,OS06G0698900,GATA,.
1543,M00978_2.00,5,500,276,27655,0.1779676270982255,0.002872075050393955,0.002153076881809536,0.18176814688842693,True,A. thaliana,Lindemose2014,NAC066,NAC/NAM,.
1544,M01129_2.00,3,500,108,27655,0.17797412484711253,0.6195434354988882,0.4644364826016526,0.18176814688842693,True,C. sativa,TF_Evolution,PK20397.1,bHLH,.
1545,M06709_2.00,4,500,243,27655,0.19413339492975645,-0.13534406666458057,-0.09635140730610373,0.1981438976009974,True,A. thaliana,OMalley2016,AT4G33280,AP2,B3
1546,M07272_2.00,4,500,210,27655,0.19696209319120392,0.07522291927507788,0.053078596881064574,0.200901335055028,True,A. thaliana,OMalley2016,TCP24,TCP,.
1547,M01253_2.00,3,500,214,27655,0.20305343816412885,-0.3670360487387902,-0.25413196224199563,0.20698097081720676,True,C. sativa,TF_Evolution,PK25011.1,Homeodomain,HD-other
1548,M02692_2.00,3,500,213,27655,0.20389970691120143,-0.3602786825634816,-0.24880247700583136,0.2077096885480731,True,A. thaliana,JASPAR,LFY,Leafy,.
1549,M07092_2.00,1,500,138,27655,0.20462620445430352,-1.3190560198369685,-0.9088807127547192,0.20831553718110357,True,A. thaliana,OMalley2016,TRP2,Myb/SANT,MYB-related
1550,M01671_2.00,3,500,209,27655,0.20717913612930736,-0.3329281944185262,-0.22760768587828406,0.21077877362962352,True,A. thaliana,Zoo_01,HMGA,AT hook,.
1551,M02378_2.00,3,500,206,27655,0.209519651588828,-0.31206958952086156,-0.21182510951651132,0.2130228740591235,True,Oryza sativa,Zoo_01,OS06G0131700,NAC/NAM,.
1552,M06708_2.00,3,500,191,27655,0.21939171726928436,-0.20299789037339183,-0.13373090402620585,0.22291664845934356,True,A. thaliana,OMalley2016,ARF16,B3,ARF
1553,M00895_2.00,3,500,190,27655,0.21992549260086272,-0.19542467066859107,-0.128535579459016,0.22331548092611686,True,A. thaliana,Franco_Zorrilla2014,SRS1,Unknown,.
1554,M02141_2.00,3,500,153,27655,0.22472509379997324,0.11704309496970487,0.0758847068222212,0.22804260160318207,True,Medicago truncatula,Zoo_01,MTR_2g038000,Homeodomain,HD-PHD
1555,M10076_2.00,1,500,129,27655,0.2255224271040925,-1.2217588184820538,-0.7902461429162885,0.22870491164308548,True,Antirrhinum majus,Transfac,O22676_ANTMA,bZIP,.
1556,M02699_2.00,3,500,166,27655,0.226773111738196,-0.0006084936845679051,-0.00039211846638150113,0.2298258267039025,True,A. thaliana,JASPAR,MYB15,Myb/SANT,R2R3-MYB
1557,M01860_2.00,2,500,162,27655,0.23034590534906194,-0.5503815659434242,-0.35093402075907226,0.2332971661478968,True,A. thaliana,Zoo_01,AZF1,C2H2 ZF,.
1558,M02045_2.00,1,500,123,27655,0.23997754437908866,-1.1530460683980392,-0.7146918469713908,0.2428966054182709,True,A. thaliana,Zoo_01,ATHB-12,Homeodomain,HD-ZIP
1559,M00897_2.00,2,500,76,27655,0.24185964577988464,0.5415409234976148,0.33382563888169126,0.24464497759308867,True,A. thaliana,Franco_Zorrilla2014,AHL25,AT hook,.
1560,M01252_2.00,1,500,119,27655,0.2497949242489531,-1.105349326366743,-0.6658805515352049,0.25251008646905043,True,C. sativa,TF_Evolution,PK24181.1,Homeodomain,HD-ZIP
1561,M00878_2.00,2,500,83,27655,0.25420125819455996,0.4144290055942758,0.24651161603187738,0.2568001208981465,True,A. thaliana,Franco_Zorrilla2014,KAN1,Myb/SANT,G2-like
1562,M00858_2.00,2,500,138,27655,0.25887081711766813,-0.31905601983696846,-0.18725937182854788,0.26135042264561514,True,A. thaliana,Franco_Zorrilla2014,AT3G53600,C2H2 ZF,.
1563,M00874_2.00,2,500,89,27655,0.26221589357248604,0.3137350059748029,0.18238701839207228,0.2645586009815574,True,A. thaliana,Franco_Zorrilla2014,GPRI1,Myb/SANT,G2-like
1564,M02647_2.00,1,500,110,27655,0.2722058188820715,-0.9918912765834591,-0.5605203345721854,0.2744324282827321,True,A. thaliana,JASPAR,ANT,AP2,ANT
1565,M01859_2.00,2,500,118,27655,0.272349449699941,-0.09317461242064069,-0.05263186923451733,0.2744324282827321,True,A. thaliana,Zoo_01,ZAT12,C2H2 ZF,.
1566,M00880_2.00,2,500,117,27655,0.2726642453595292,-0.080896282642204,-0.0456555812664352,0.2745480580060084,True,A. thaliana,Franco_Zorrilla2014,AT5G28300,Trihelix,.
1567,M01319_2.00,2,500,104,27655,0.2728115111495504,0.08902871880010851,0.050224421828351545,0.2745480580060084,True,A. thaliana,TF_Evolution,AT5G25790,TCR/CxC,.
1568,M01688_2.00,1,500,98,27655,0.3019846779675415,-0.8252414071740076,-0.4291379859620059,0.3037135978795695,True,Oryza sativa,Zoo_01,OS02G0824300,AT hook,.
1569,M02682_2.00,1,500,27,27655,0.30398651657174264,1.0345809347777322,0.5350290602523269,0.3053384261117694,True,A. thaliana,JASPAR,ATHB-9,Homeodomain,HD-ZIP
1570,M10623_2.00,1,500,27,27655,0.30398651657174264,1.0345809347777322,0.5350290602523269,0.3053384261117694,True,A. thaliana,Transfac,ATHB-9,Homeodomain,HD-ZIP
1571,M01856_2.00,1,500,97,27655,0.30441533063140486,-0.8104444052459272,-0.4186216688972528,0.30557500808142923,True,A. thaliana,Zoo_01,AT3G53600,C2H2 ZF,.
1572,M02485_2.00,1,500,92,27655,0.3163428480140049,-0.7340935191158124,-0.36693075793134294,0.3173464738008514,True,A. thaliana,Zoo_01,INO,YABBY,.
1573,M01168_2.00,1,500,88,27655,0.3255277088255506,-0.6699631816960967,-0.32654812011057144,0.3263533973704474,True,A. thaliana,TF_Evolution,ZAT4,C2H2 ZF,.
1574,M02533_2.00,1,500,85,27655,0.33214099927226765,-0.6199224991965013,-0.2967429595853114,0.33277244603894496,True,O. tauri,Zoo_01,fgenesh1_pg.C_Chr_09.0001000301,TCR/CxC,.
1575,M01673_2.00,1,500,84,27655,0.33428356506531387,-0.6028489858375596,-0.2868867744449906,0.3347069768006721,True,Brachypodium distachyon,Zoo_01,BRADI3G55950,AT hook,.
1576,M01200_2.00,1,500,64,27655,0.36694274821486383,-0.21053156305879944,-0.09166579850526888,0.36717499046056945,True,C. sativa,TF_Evolution,PK09091.1,C2H2 ZF,.
1577,M07289_2.00,1,500,61,27655,0.36942438052403603,-0.14126890062168584,-0.061095189570123554,0.36942438052403603,True,A. thaliana,OMalley2016,TCP14,TCP,.
