,Motif_ID,x,N,n,M,pvalues,FoldEn,SScore,FDR,clasification,speciesOrigin,Bibliography,tf,tffamily,tfsubfamily
0,M06715_2.00,170,500,6867,27655,8.536559324939565e-07,0.4533951248020595,2.7515267638045993,0.0003297555444474019,True,A. thaliana,OMalley2016,BPC1,BBR,.
1,M06702_2.00,255,500,11262,27655,6.413693166468432e-07,0.3246464382480281,2.010500272053572,0.0003297555444474019,True,A. thaliana,OMalley2016,REM19,B3,REM
2,M06697_2.00,46,500,1217,27655,1.290628354001573e-06,1.0639169402844848,6.265618365943741,0.0003297555444474019,True,A. thaliana,OMalley2016,HMGB15,HMGBox,.
3,M07349_2.00,165,500,6649,27655,1.1455726391550928e-06,0.4568689888472037,2.7142483226982574,0.0003297555444474019,True,A. thaliana,OMalley2016,FRS9,FAR1,.
4,M06703_2.00,204,500,8818,27655,4.800639615783533e-06,0.35565801729694824,1.891638615022189,0.0009812507374661543,True,A. thaliana,OMalley2016,REM19,B3,REM
5,M06854_2.00,265,500,12124,27655,6.669943200462153e-06,0.27373884960743305,1.4168388523118758,0.0011361136584787201,True,A. thaliana,OMalley2016,OBP3,Dof,.
6,M06837_2.00,267,500,12300,27655,1.0459165832215399e-05,0.26379367351478983,1.3138251694271932,0.0015270382115034483,True,A. thaliana,OMalley2016,CDF5,Dof,.
7,M06716_2.00,142,500,5813,27655,1.701984693152943e-05,0.43414836321399647,2.0704727986793534,0.0021742854455028848,True,A. thaliana,OMalley2016,BPC1,BBR,.
8,M06863_2.00,225,500,10136,27655,2.110474184811352e-05,0.2960488190174283,1.3842117660711797,0.0023965606854191132,True,A. thaliana,OMalley2016,DOF5.1,Dof,.
9,M08101_2.00,123,500,4941,27655,3.0289805922039286e-05,0.4613956018329295,2.0849099251979717,0.003095618165232415,True,Zea mays,JASPAR,RAMOSA1,C2H2 ZF,.
10,M06861_2.00,245,500,11347,27655,4.975088131926315e-05,0.2560830783686254,1.1019765034693016,0.004622309155298813,True,A. thaliana,OMalley2016,DOF4.7,Dof,.
11,M07285_2.00,11,500,149,27655,7.067414724958986e-05,2.029731535116336,8.424886700873875,0.006019081540756737,True,A. thaliana,OMalley2016,TCP20,TCP,.
12,M06719_2.00,143,500,6071,27655,8.379081068467082e-05,0.3816213158688357,1.5557951573151814,0.006587246809210276,True,A. thaliana,OMalley2016,BPC6,BBR,.
13,M06696_2.00,55,500,1863,27655,0.00010819376587207332,0.7074161915242223,2.8054695495519666,0.007514285218057109,True,A. thaliana,OMalley2016,HMGB15,HMGBox,.
14,M06705_2.00,266,500,12630,27655,0.00011028794351355834,0.22018385376747557,0.8713714276121269,0.007514285218057109,True,A. thaliana,OMalley2016,VRN1,B3,REM
15,M06704_2.00,145,500,6225,27655,0.00012094284378450949,0.36551940511332925,1.4318929635909308,0.007725224146735544,True,A. thaliana,OMalley2016,VRN1,B3,REM
16,M06822_2.00,46,500,1491,27655,0.00014616979163554247,0.770965850714771,2.956763801535351,0.008787383944207318,True,A. thaliana,OMalley2016,NUC,C2H2 ZF,.
17,M06760_2.00,20,500,460,27655,0.00019560512998900514,1.2659064808841876,4.694765788665294,0.010521496992040172,True,A. thaliana,OMalley2016,AtbZIP48,bZIP,.
18,M06839_2.00,188,500,8524,27655,0.00018652553296699442,0.28674241083613455,1.0693374934816489,0.010521496992040172,True,A. thaliana,OMalley2016,DOF2.2,Dof,.
19,M06851_2.00,192,500,8794,27655,0.0002611530510586428,0.2721271204497097,0.9750600175966101,0.011631409190472687,True,A. thaliana,OMalley2016,DOF3.4,Dof,.
20,M06827_2.00,7,500,70,27655,0.0002335003240939141,2.467540342053838,8.961397134854645,0.011631409190472687,True,A. thaliana,OMalley2016,CAMTA5,CG-1,.
21,M07335_2.00,39,500,1231,27655,0.00026176361191866123,0.8092556093189914,2.8988270126187143,0.011631409190472687,True,A. thaliana,OMalley2016,AtIDD11,C2H2 ZF,.
22,M06778_2.00,20,500,469,27655,0.0002475180999460663,1.2379524193131863,4.464542985718562,0.011631409190472687,True,A. thaliana,OMalley2016,DPBF3,bZIP,.
23,M06920_2.00,8,500,98,27655,0.0003368982696942419,2.1747585928259925,7.5518518658037275,0.01229678684383983,True,A. thaliana,OMalley2016,ANL2,Homeodomain,HD-GL2
24,M06931_2.00,8,500,98,27655,0.0003368982696942419,2.1747585928259925,7.5518518658037275,0.01229678684383983,True,A. thaliana,OMalley2016,HDG7,Homeodomain,HD-GL2
25,M06868_2.00,259,500,12446,27655,0.0003203961895192995,0.20288219374038036,0.7089338175954251,0.01229678684383983,True,A. thaliana,OMalley2016,DOF5.8,Dof,.
26,M07346_2.00,28,500,788,27655,0.00032556745730947574,0.9747715395424283,3.3993783133689863,0.01229678684383983,True,A. thaliana,OMalley2016,AT4G27900,Unknown,.
27,M06782_2.00,21,500,515,27655,0.0003118992709915433,1.1733572376493804,4.1137736261723905,0.01229678684383983,True,A. thaliana,OMalley2016,BZIP11,bZIP,.
28,1.HSF1b-NS,169,500,7639,27655,0.0003580280201769506,0.2911797970890622,1.0034297437545867,0.012617401262787707,True,.,.,1.HSF1b-NS,.,.
29,GBF2-MEME,10,500,153,27655,0.00037712377902629875,1.854008689135911,6.347228565063302,0.012847350072162578,True,.,.,GBF2-MEME,.,.
30,M01161_2.00,15,500,312,27655,0.0004159222368802531,1.4109568136874708,4.770427857891996,0.013283516440363083,True,C. sativa,TF_Evolution,PK24205.1,bZIP,.
31,M06791_2.00,20,500,489,27655,0.0004063879464291258,1.177705876876329,3.9936703272636658,0.013283516440363083,True,A. thaliana,OMalley2016,AtbZIP3,bZIP,.
32,M06825_2.00,42,500,1400,27655,0.00044588434260378406,0.730574747887632,2.447993630241187,0.013803420999292538,True,A. thaliana,OMalley2016,IDD1,C2H2 ZF,.
33,M06795_2.00,50,500,1760,27655,0.0004592136144578731,0.6519649131912656,2.176249260325271,0.013803420999292538,True,A. thaliana,OMalley2016,MGP,C2H2 ZF,.
34,M06797_2.00,51,500,1815,27655,0.0005105889237387629,0.636139946029583,2.094127288697607,0.014909196573171876,True,A. thaliana,OMalley2016,AT1G14580,C2H2 ZF,.
35,M06762_2.00,19,500,468,27655,0.0005965959850256841,1.1670312308013813,3.7628817572731146,0.016478948559358084,True,A. thaliana,OMalley2016,BZIP2,bZIP,.
36,M06806_2.00,49,500,1738,27655,0.0005963931101197799,0.6409659142420088,2.0667736837116366,0.016478948559358084,True,A. thaliana,OMalley2016,SGR5,C2H2 ZF,.
37,M06780_2.00,20,500,508,27655,0.0006300391597593794,1.1227118450563969,3.5933879704247746,0.016944737401949628,True,A. thaliana,OMalley2016,BZIP53,bZIP,.
38,M06816_2.00,41,500,1388,27655,0.0006689249455900443,0.7082285889810235,2.248358490217437,0.017529263958795522,True,A. thaliana,OMalley2016,IDD2,C2H2 ZF,.
39,M06796_2.00,38,500,1259,27655,0.0006986264425498337,0.7393333826657694,2.3331550046918506,0.017849905607148255,True,A. thaliana,OMalley2016,MGP,C2H2 ZF,.
40,M06763_2.00,19,500,478,27655,0.0007516414633849801,1.1365291424040376,3.55050484657746,0.018736038428767064,True,A. thaliana,OMalley2016,BZIP2,bZIP,.
41,M06689_2.00,5,500,42,27655,0.0008255032323670051,2.7190791090498028,8.383685557686212,0.019419037125209284,True,A. thaliana,OMalley2016,AIL7,AP2,ANT
42,M06833_2.00,189,500,8849,27655,0.0008063975396610165,0.24041214690401147,0.7437031495979348,0.019419037125209284,True,A. thaliana,OMalley2016,DOF1.7,Dof,.
43,M07294_2.00,8,500,113,27655,0.0008360446511831785,1.9692894745260128,6.061021104403099,0.019419037125209284,True,A. thaliana,OMalley2016,TCP7,TCP,.
44,M07327_2.00,52,500,1912,27655,0.0008712521714240783,0.589041347101544,1.8023817746900637,0.019787104871009067,True,A. thaliana,OMalley2016,ZHD6,Homeodomain,HD-ZF
45,M06777_2.00,18,500,450,27655,0.0009378699450500644,1.1456122471664756,3.4687504986957776,0.020837023561764475,True,A. thaliana,OMalley2016,DPBF3,bZIP,.
46,M06779_2.00,20,500,529,27655,0.0009886886419203627,1.0642726197145371,3.198075850130085,0.021498718979630016,True,A. thaliana,OMalley2016,BZIP53,bZIP,.
47,M06805_2.00,55,500,2072,27655,0.0010551944442048775,0.5540198627793063,1.6491329221594075,0.02246684837452885,True,A. thaliana,OMalley2016,SGR5,C2H2 ZF,.
48,M06761_2.00,19,500,496,27655,0.0011147512635805124,1.0831996399979107,3.19849575630086,0.022878029534791407,True,A. thaliana,OMalley2016,AtbZIP48,bZIP,.
49,M07334_2.00,82,500,3384,27655,0.001119277374500558,0.4225065884393344,1.2468432541435175,0.022878029534791407,True,A. thaliana,OMalley2016,AtIDD11,C2H2 ZF,.
50,M06855_2.00,188,500,8889,27655,0.0012577393032368084,0.22625187693639953,0.6562230632930484,0.024254651891012897,True,A. thaliana,OMalley2016,OBP3,Dof,.
51,M06888_2.00,12,500,245,27655,0.0012313857117319284,1.4377929986597862,4.183410977516226,0.024254651891012897,True,A. thaliana,OMalley2016,GATA1,GATA,.
52,M06867_2.00,178,500,8356,27655,0.0012578244131347196,0.23660509084049003,0.6862446687100932,0.024254651891012897,True,A. thaliana,OMalley2016,DOF5.6,Dof,.
53,M01826_2.00,16,500,391,27655,0.001360852136869269,1.1784436396338485,3.377642268237437,0.025755386738525798,True,Oryza sativa,Zoo_01,OS02G0728001,bZIP,.
54,M06767_2.00,17,500,431,27655,0.0014361247105023971,1.125387219102442,3.1992596152394186,0.02620927596666875,True,A. thaliana,OMalley2016,ABI5,bZIP,.
55,M06776_2.00,18,500,469,27655,0.0014256430980097968,1.085949325868136,3.090600035941674,0.02620927596666875,True,A. thaliana,OMalley2016,ATBZIP42,bZIP,.
56,M06757_2.00,19,500,515,27655,0.0016425819300410927,1.0289673283142053,2.865131701522821,0.029451205833368365,True,A. thaliana,OMalley2016,BZIP44,bZIP,.
57,1.FDP-MEME,18,500,478,27655,0.0017195137543737076,1.058526630402764,2.9263967374074498,0.03029901822361947,True,.,.,1.FDP-MEME,.,.
58,M06832_2.00,155,500,7229,27655,0.0019300302951942314,0.24601246706043384,0.6677850660225677,0.03343205019811025,True,A. thaliana,OMalley2016,DOF1.6,Dof,.
59,M07071_2.00,33,500,1125,27655,0.0020812751981589155,0.6981532701952547,1.8722170229343684,0.0354510542086402,True,A. thaliana,OMalley2016,RVE7L,Myb/SANT,MYB-related
60,M07354_2.00,86,500,3689,27655,0.0022553101523721565,0.36671911794847944,0.9706298602578817,0.037785688126628594,True,A. thaliana,OMalley2016,ZHD10,Homeodomain,HD-ZF
61,M02656_2.00,9,500,165,27655,0.0023309613754962854,1.593071224137697,4.193704117012974,0.03808398246438832,True,A. thaliana,JASPAR,ABF1,bZIP,.
62,M06838_2.00,171,500,8122,27655,0.0023476427546540745,0.21970163990277308,0.5776764592733444,0.03808398246438832,True,A. thaliana,OMalley2016,CDF5,Dof,.
63,M06967_2.00,12,500,268,27655,0.002448263559448883,1.3083417472045842,3.4162658660513525,0.039095708714949357,True,A. thaliana,OMalley2016,GT-1,Trihelix,MADF
64,M06781_2.00,18,500,499,27655,0.002595632072641952,0.9964974330462522,2.576700081611303,0.040811322742155,True,A. thaliana,OMalley2016,BZIP11,bZIP,.
65,M06756_2.00,17,500,470,27655,0.0031988102123853977,1.0004143316265404,2.4960452883263384,0.04953309147057389,True,A. thaliana,OMalley2016,BZIP44,bZIP,.
66,M06695_2.00,66,500,2749,27655,0.003325604743218141,0.4091713647867008,1.0139795760641348,0.05066982248449655,True,A. thaliana,OMalley2016,ARID3,ARID/BRIGHT,.
67,M07095_2.00,6,500,84,27655,0.003371377621277657,1.9821135148835964,4.900166364442973,0.05066982248449655,True,A. thaliana,OMalley2016,F3A4.140,Myb/SANT,R2R3-MYB
68,M06771_2.00,15,500,398,27655,0.0036977449920048574,1.0597344120060699,2.577340898244335,0.054769498287376296,True,A. thaliana,OMalley2016,GBF3,bZIP,.
69,M06792_2.00,15,500,402,27655,0.004009215154657434,1.0453073413707905,2.5055396443694016,0.05853454125799855,True,A. thaliana,OMalley2016,BZIP43,bZIP,.
70,M01056_2.00,15,500,405,27655,0.004255580594160427,1.034580934777732,2.4530340006079325,0.06125638545397122,True,A. thaliana,Stam_Arabidopsis,ABF4,bZIP,.
71,M07336_2.00,113,500,5202,27655,0.004385508020821504,0.264796715413397,0.6243853829367829,0.06224984996221635,True,A. thaliana,OMalley2016,MIP1B,Unknown,.
72,M06824_2.00,34,500,1241,27655,0.004501149415807097,0.5996438780611832,1.4071702392313064,0.06301609182129937,True,A. thaliana,OMalley2016,IDD1,C2H2 ZF,.
73,M06809_2.00,39,500,1478,27655,0.004600202173355778,0.545440101657298,1.2748151949938196,0.06353252190769737,True,A. thaliana,OMalley2016,IDD4,C2H2 ZF,.
74,M06790_2.00,15,500,410,27655,0.004691359511820676,1.016878933044273,2.3680072776561607,0.06392759228107642,True,A. thaliana,OMalley2016,HY5,bZIP,.
75,M06818_2.00,56,500,2318,27655,0.005148571393319353,0.4181585079923328,0.9568776589053657,0.06923473636805762,True,A. thaliana,OMalley2016,JKD,C2H2 ZF,.
76,M02532_2.00,37,500,1402,27655,0.005443048253694309,0.5456511685595271,1.2354403578633808,0.07155035027388854,True,C. sativa,Zoo_01,PK22848.1,TCR/CxC,.
77,M06803_2.00,35,500,1309,27655,0.005519831009817798,0.5645020719409265,1.2746875746780326,0.07155035027388854,True,A. thaliana,OMalley2016,IDD7,C2H2 ZF,.
78,M06842_2.00,60,500,2528,27655,0.005530800070095101,0.39257828437261616,0.8861324302555236,0.07155035027388854,True,A. thaliana,OMalley2016,DOF2.4,Dof,.
79,M01832_2.00,13,500,340,27655,0.0056371417682458255,1.0805172189445909,2.4300195213402356,0.07201448608934043,True,P. patens,Zoo_01,estExt_Genewise1.C_2060077,bZIP,.
80,M07123_2.00,6,500,95,27655,0.005908166040809599,1.8045753293314089,4.02158149216494,0.07454500856428901,True,A. thaliana,OMalley2016,MYB92,Myb/SANT,R2R3-MYB
81,M08407_2.00,14,500,385,27655,0.006265349856080128,1.008108723416541,2.220918634077418,0.07808765308431574,True,A. thaliana,JASPAR,HY5,bZIP,.
82,M01254_2.00,6,500,98,27655,0.00677772175470984,1.7597210935471486,3.8166877002337887,0.0783861278923989,True,C. sativa,TF_Evolution,PK25034.1,Homeodomain,HD-KN
83,M01162_2.00,10,500,234,27655,0.006826189219592468,1.2410318122451585,2.687853601301638,0.0783861278923989,True,C. sativa,TF_Evolution,PK24978.1,bZIP,.
84,M06869_2.00,144,500,6945,27655,0.006664900152163213,0.1976344595147578,0.43009336625509964,0.0783861278923989,True,A. thaliana,OMalley2016,DOF5.8,Dof,.
85,M06743_2.00,9,500,196,27655,0.0065041407240220275,1.3446835942683046,2.9405676261037907,0.0783861278923989,True,A. thaliana,OMalley2016,BHLH72,bHLH,.
86,M07402_2.00,6,500,98,27655,0.00677772175470984,1.7597210935471486,3.8166877002337887,0.0783861278923989,True,A. thaliana,OMalley2016,WRKY47,WRKY,.
87,M06726_2.00,9,500,197,27655,0.006693639648416909,1.3373416189271363,2.907832261777564,0.0783861278923989,True,A. thaliana,OMalley2016,BPE,bHLH,.
88,M01787_2.00,10,500,234,27655,0.006826189219592468,1.2410318122451585,2.687853601301638,0.0783861278923989,True,A. thaliana,Zoo_01,BZIP63,bZIP,.
89,M06755_2.00,16,500,474,27655,0.007058549475194737,0.9007251880429415,1.9377161689951274,0.08015375070721135,True,A. thaliana,OMalley2016,ABF2,bZIP,.
90,M08143_2.00,13,500,353,27655,0.007329490753418612,1.0263837818111123,2.1912536257195057,0.0820655378314427,True,A. thaliana,JASPAR,SEP3,MADS box,.
91,M06853_2.00,114,500,5377,27655,0.007387504384043765,0.2297726948304743,0.48976101564810987,0.0820655378314427,True,A. thaliana,OMalley2016,AT3G52440,Dof,.
92,M07337_2.00,32,500,1202,27655,0.007594902483986798,0.558247256230015,1.1831926653525,0.0834622617057474,True,A. thaliana,OMalley2016,ZHD9,Homeodomain,HD-ZF
93,M02041_2.00,34,500,1304,27655,0.008064740822520714,0.5282031239604625,1.1057454825369597,0.08768260766612947,True,A. thaliana,Zoo_01,ATHB-22,Homeodomain,HD-ZIP
94,M06764_2.00,14,500,400,27655,0.008243263502831819,0.95296716922408,1.9858890628509498,0.08868016105151705,True,A. thaliana,OMalley2016,BZIP16,bZIP,.
95,M06850_2.00,110,500,5202,27655,0.008521105468886644,0.22597746652286899,0.46766128426503245,0.09071426863752241,True,A. thaliana,OMalley2016,CDF3,Dof,.
96,M06752_2.00,14,500,403,27655,0.008686391086623571,0.9421873304708371,1.9419994234837126,0.09152053289205454,True,A. thaliana,OMalley2016,BZIP68,bZIP,.
97,1.GBF3-MEME1,11,500,285,27655,0.009220279615539322,1.0940819465263936,2.2267367457984006,0.09615434456205293,True,.,.,1.GBF3-MEME1,.,.
98,M06875_2.00,6,500,756,27655,0.0095835740164544,-1.187811486558716,-2.397564819174511,0.09893346105875149,True,A. thaliana,OMalley2016,E2FD,E2F,.
99,M07382_2.00,26,500,947,27655,0.009851732803771215,0.6026875396139078,1.2092849396060603,0.10068470925454182,True,A. thaliana,OMalley2016,WRKY59,WRKY,.
100,M06775_2.00,15,500,454,27655,0.010067031382834702,0.8698105452588042,1.7370974026503816,0.10186639676492144,True,A. thaliana,OMalley2016,ATBZIP42,bZIP,.
101,M08078_2.00,12,500,331,27655,0.010413307118355239,1.003743530855139,1.9898325407821693,0.10433725367606916,True,Zea mays,JASPAR,O2,bZIP,.
102,M07424_2.00,23,500,818,27655,0.010979118420610494,0.6370733600564644,1.2483022660729672,0.10893843714430995,True,A. thaliana,OMalley2016,WRKY50,WRKY,.
103,1-MYC3-1MEME,11,500,294,27655,0.01110263134187027,1.0492277107421333,2.0507932879678656,0.10910470414799439,True,.,.,1-MYC3-1MEME,.,.
104,M07215_2.00,131,500,6402,27655,0.011223709691616889,0.17858447693306975,0.34821536665671526,0.10924410766507106,True,A. thaliana,OMalley2016,NAC68,NAC/NAM,.
105,M06728_2.00,9,500,217,27655,0.011333017122899337,1.1978422059390337,2.3305870244469675,0.10926739150568984,True,A. thaliana,OMalley2016,BIM2,bHLH,.
106,M07179_2.00,3,500,513,27655,0.011581538481417401,-1.6283840779446974,-3.152932202315955,0.11061992829914566,True,A. thaliana,OMalley2016,anac028,NAC/NAM,.
107,M06874_2.00,4,500,589,27655,0.011777517780842664,-1.4126553868892602,-2.7249362848393033,0.11145021455575188,True,A. thaliana,OMalley2016,E2FE,E2F,.
108,M07057_2.00,26,500,968,27655,0.01205282392343142,0.5710449178076982,1.0957844815674334,0.11198169136133557,True,A. thaliana,OMalley2016,AT2G40260,Myb/SANT,G2-like
109,M06847_2.00,106,500,5083,27655,0.01199587453739088,0.20592437605595512,0.3955741543462924,0.11198169136133557,True,A. thaliana,OMalley2016,DOF3.2,Dof,.
110,M07329_2.00,18,500,600,27655,0.012332667364214307,0.7305747478876318,1.3946255378798944,0.11354942383988308,True,A. thaliana,OMalley2016,AT2G31460,Unknown,.
111,M02721_2.00,2,500,10,27655,0.012694155216490925,3.467540342053838,6.575830313100312,0.11508713252387462,True,A. thaliana,JASPAR,TCP16,TCP,.
112,M06934_2.00,7,500,148,27655,0.012724898214479287,1.387369993369855,2.629545727472475,0.11508713252387462,True,A. thaliana,OMalley2016,ATHB-53,Homeodomain,HD-ZIP
113,M10077_2.00,4,500,54,27655,0.013498457880837741,2.034580934777732,3.804088210168951,0.12101249082645765,True,Antirrhinum majus,Transfac,O22676_ANTMA,bZIP,.
114,M07238_2.00,21,500,749,27655,0.014101894884906926,0.6329639512612097,1.171440643292407,0.12111039136449478,True,A. thaliana,OMalley2016,anac096,NAC/NAM,.
115,M01848_2.00,8,500,187,27655,0.013690897483785444,1.2425739770535638,2.315621202524175,0.12111039136449478,True,O. tauri,Zoo_01,fgenesh1_pg.C_Chr_07.0001000033,bZIP,.
116,1.ABF4-MEME,16,500,520,27655,0.01389992522824303,0.7671006239127459,1.4244962974150555,0.12111039136449478,True,.,.,1.ABF4-MEME,.,.
117,M07350_2.00,70,500,3216,27655,0.0138732023166874,0.2676997627072385,0.497338851273041,0.12111039136449478,True,A. thaliana,OMalley2016,FRS9,FAR1,.
118,M01771_2.00,11,500,306,27655,0.013989451334629465,0.9915122128858459,1.8384612690955862,0.12111039136449478,True,A. thaliana,Zoo_01,ABF2,bZIP,.
119,M07367_2.00,5,500,85,27655,0.014614630199916288,1.702005595690861,3.1235413814318584,0.12246209175317531,True,A. thaliana,OMalley2016,ZHD1,Homeodomain,HD-ZF
120,M07002_2.00,9,500,228,27655,0.01461876242063345,1.126503424218771,2.0672344836712893,0.12246209175317531,True,A. thaliana,OMalley2016,MYB61,Myb/SANT,R2R3-MYB
121,M00974_2.00,3,500,30,27655,0.014614335783430462,2.467540342053838,4.5284816527179546,0.12246209175317531,True,A. thaliana,Lindemose2014,NAC030,NAC/NAM,.
122,M07279_2.00,6,500,118,27655,0.014774494157765496,1.4917878883005156,2.730698902222049,0.12276043113200275,True,A. thaliana,OMalley2016,TCP22,TCP,.
123,M06876_2.00,4,500,568,27655,0.015011895497289204,-1.3602786825634816,-2.480555871439872,0.1237270741792707,True,A. thaliana,OMalley2016,E2FD,E2F,.
124,M06706_2.00,20,500,711,27655,0.015423830800761653,0.6376907822091477,1.1553730997926184,0.12610524062702727,True,A. thaliana,OMalley2016,FUS3,B3,FUS
125,M02559_2.00,6,500,120,27655,0.01579551288993305,1.467540342053838,2.6437244227330896,0.12811916010723473,True,A. thaliana,Zoo_01,WRKY11,WRKY,.
126,M02356_2.00,4,500,57,27655,0.01596736519552278,1.9565784227764587,3.515515037544349,0.12849328527420695,True,C. sativa,Zoo_01,PK27213.1,Myb/SANT,MYB-related
127,M06835_2.00,115,500,5667,27655,0.016452975518645496,0.16658900077605002,0.2971540544543695,0.13136672640668515,True,A. thaliana,OMalley2016,DOF1.8,Dof,.
128,M07333_2.00,36,500,1499,27655,0.01658424850333659,0.40960877043565314,0.7292282157016668,0.13138838736751934,True,A. thaliana,OMalley2016,AT3G12130,C3H,.
129,M06892_2.00,18,500,626,27655,0.01676047162253893,0.6693745914508943,1.1886176759344282,0.13176309229411373,True,A. thaliana,OMalley2016,ZIM,GATA,.
130,M07190_2.00,18,500,632,27655,0.017905683311121842,0.6556126902064099,1.1453613364723803,0.13801625105995402,True,A. thaliana,OMalley2016,NTL8,NAC/NAM,.
131,M06846_2.00,23,500,868,27655,0.017835534244748028,0.5514791605537341,0.9643792610990082,0.13801625105995402,True,A. thaliana,OMalley2016,GATA24,Dof,.
132,M07348_2.00,6,500,124,27655,0.01796101897355566,1.4202346272754816,2.4792596018348965,0.13801625105995402,True,A. thaliana,OMalley2016,BEH2,BES1,.
133,M07363_2.00,17,500,587,27655,0.018150383202293664,0.6797145850814877,1.183460717006596,0.1383256535442813,True,A. thaliana,OMalley2016,AT5G59990,Unknown,.
134,M06886_2.00,46,500,2026,27655,0.018271979675614457,0.3286119341970752,0.5711979948865906,0.1383256535442813,True,A. thaliana,OMalley2016,GATA15,GATA,.
135,M06699_2.00,35,500,1472,27655,0.019210192042992038,0.3951894978291542,0.6783302429495148,0.14435894314660194,True,A. thaliana,OMalley2016,HMGB9,HMGBox,.
136,M06741_2.00,9,500,242,27655,0.019590322905342208,1.0405302011089184,1.7771823031746883,0.14605218415487525,True,A. thaliana,OMalley2016,BIM3,bHLH,.
137,M07299_2.00,60,500,2775,27655,0.019721332107018378,0.2580869764248884,0.4400547487087396,0.14605218415487525,True,A. thaliana,OMalley2016,TSO1,TCR/CxC,.
138,M06927_2.00,11,500,327,27655,0.020109999018715727,0.8957532300804153,1.5197241368610022,0.14642074241029618,True,A. thaliana,OMalley2016,ATHB-51,Homeodomain,HD-ZIP
139,M06908_2.00,20,500,738,27655,0.020200904774806027,0.5839195257681667,0.9895270663080695,0.14642074241029618,True,A. thaliana,OMalley2016,ATHB-21,Homeodomain,HD-ZIP
140,M06710_2.00,21,500,1637,27655,0.020033308632621982,-0.49505274675419264,-0.8407219995398434,0.14642074241029618,True,A. thaliana,OMalley2016,AT5G18090,AP2,B3
141,M06918_2.00,4,500,63,27655,0.021595601949686193,1.812188513441284,3.0184440456428576,0.1522117599488227,True,A. thaliana,OMalley2016,HDG1,Homeodomain,HD-GL2
142,M06737_2.00,7,500,167,27655,0.021368142991830087,1.2131190665247524,2.0261917632149045,0.1522117599488227,True,A. thaliana,OMalley2016,BHLH104,bHLH,.
143,M06917_2.00,4,500,63,27655,0.021595601949686193,1.812188513441284,3.0184440456428576,0.1522117599488227,True,A. thaliana,OMalley2016,HDG1,Homeodomain,HD-GL2
144,M06919_2.00,4,500,63,27655,0.021595601949686193,1.812188513441284,3.0184440456428576,0.1522117599488227,True,A. thaliana,OMalley2016,ANL2,Homeodomain,HD-GL2
145,M07171_2.00,16,500,558,27655,0.022021182527049876,0.665347125112013,1.102586218244415,0.15414827768934913,True,A. thaliana,OMalley2016,ANAC13,NAC/NAM,.
146,M06677_2.00,2,500,380,27655,0.023274173386583486,-1.7803871713897472,-2.907596107188305,0.1618109197352947,True,A. thaliana,OMalley2016,ERF105,AP2,ERF
147,M06604_2.00,2,500,378,27655,0.02389402984687887,-1.772773987279872,-2.8749263632966042,0.16499796286155544,True,A. thaliana,OMalley2016,ERF15,AP2,ERF
148,M07128_2.00,27,500,1107,27655,0.024667566515320514,0.4319164323231169,0.6944670687018752,0.16867666070400134,True,A. thaliana,OMalley2016,RVE1,Myb/SANT,MYB-related
149,1.ANAC55.1MEME,6,500,135,27655,0.024756848439921916,1.2976153406115256,2.0843655452242804,0.16867666070400134,True,.,.,1.ANAC55.1MEME,.,.
150,M01059_2.00,4,500,67,27655,0.025843441007490208,1.723379246483428,2.7361224769727808,0.17256283877004563,True,A. thaliana,Stam_Arabidopsis,DPBF3,bZIP,.
151,M01156_2.00,4,500,67,27655,0.025843441007490208,1.723379246483428,2.7361224769727808,0.17256283877004563,True,C. sativa,TF_Evolution,PK09653.1,bZIP,.
152,M02714_2.00,14,500,480,27655,0.026026291251855214,0.6899327633902861,1.0932589806805122,0.17256283877004563,True,A. thaliana,JASPAR,SPL8,SBP,.
153,M06765_2.00,12,500,389,27655,0.02617146771952747,0.7708045926761647,1.2195453831491405,0.17256283877004563,True,A. thaliana,OMalley2016,BZIP16,bZIP,.
154,M06928_2.00,11,500,344,27655,0.026053823027021358,0.8226353008763996,1.3031600590889945,0.17256283877004563,True,A. thaliana,OMalley2016,ATHB-51,Homeodomain,HD-ZIP
155,M06915_2.00,13,500,439,27655,0.027666851665181697,0.7118310255469344,1.1090613949513033,0.17306100853631867,True,A. thaliana,OMalley2016,HAT5,Homeodomain,HD-ZIP
156,M02329_2.00,4,500,69,27655,0.028109713715292466,1.6809439801630315,2.607385458904487,0.17306100853631867,True,Oryza sativa,Zoo_01,PHR1,Myb/SANT,G2-like
157,M06713_2.00,77,500,3784,27655,0.02696512165079943,0.17055860429670683,0.26764015526596907,0.17306100853631867,True,A. thaliana,OMalley2016,AT5G60130,B3,REM
158,M07316_2.00,6,500,139,27655,0.027525812078090153,1.255489864938849,1.9588904401835927,0.17306100853631867,True,A. thaliana,OMalley2016,BZR1,BES1,.
159,M02302_2.00,4,500,69,27655,0.028109713715292466,1.6809439801630315,2.607385458904487,0.17306100853631867,True,A. thaliana,Zoo_01,PHR1,Myb/SANT,G2-like
160,M06841_2.00,56,500,2657,27655,0.028062978312867387,0.2212408465082982,0.3433362004633995,0.17306100853631867,True,A. thaliana,OMalley2016,DOF2.4,Dof,.
161,M07145_2.00,2,500,368,27655,0.02722552972314755,-1.7340935191158124,-2.71389738864543,0.17306100853631867,True,A. thaliana,OMalley2016,AT5G56840,Myb/SANT,MYB-related
162,M02290_2.00,4,500,69,27655,0.028109713715292466,1.6809439801630315,2.607385458904487,0.17306100853631867,True,A. thaliana,Zoo_01,HHO2,Myb/SANT,G2-like
163,M06834_2.00,91,500,4564,27655,0.027785460630676127,0.14118000085121502,0.21970183242016258,0.17306100853631867,True,A. thaliana,OMalley2016,DOF1.7,Dof,.
164,M02657_2.00,5,500,102,27655,0.027270630208247725,1.4389711898570672,2.2509895762675987,0.17306100853631867,True,A. thaliana,JASPAR,TGA1,bZIP,.
165,M02289_2.00,4,500,69,27655,0.028109713715292466,1.6809439801630315,2.607385458904487,0.17306100853631867,True,A. thaliana,Zoo_01,HHO3,Myb/SANT,G2-like
166,M07342_2.00,13,500,443,27655,0.029007581805533582,0.6987452665272744,1.0743127937640702,0.17336695090792587,True,A. thaliana,OMalley2016,AT4G12670,Unknown,.
167,M06882_2.00,9,500,263,27655,0.02868717450312836,0.9204744490912103,1.419658995431414,0.17336695090792587,True,A. thaliana,OMalley2016,GATA11,GATA,.
168,M02654_2.00,6,500,141,27655,0.028967619766069052,1.2348795852635632,1.8993524697764772,0.17336695090792587,True,A. thaliana,JASPAR,DYT1,bHLH,.
169,M07009_2.00,20,500,779,27655,0.028863309544353958,0.5059170137668938,0.7789370896725245,0.17336695090792587,True,A. thaliana,OMalley2016,RVE7,Myb/SANT,MYB-related
170,M06758_2.00,8,500,221,27655,0.02884370976981597,1.001565877549769,1.5423602544158532,0.17336695090792587,True,A. thaliana,OMalley2016,TGA7,bZIP,.
171,M07370_2.00,7,500,181,27655,0.02942865545449113,1.0969774719155994,1.679724353182364,0.1748609643865694,True,A. thaliana,OMalley2016,GRF9,WRC,.
172,M06807_2.00,39,500,1765,27655,0.0300315879135612,0.28941818764490623,0.4406165303940771,0.1774120395818471,True,A. thaliana,OMalley2016,IDD5,C2H2 ZF,.
173,M01315_2.00,2,500,16,27655,0.030352866033828817,2.7894684369412004,4.233856016216703,0.17827947750904052,True,C. sativa,TF_Evolution,PK12736.1,TCP,.
174,M07292_2.00,5,500,106,27655,0.030859133643616938,1.3834760772653636,2.089901472476095,0.179193378316912,True,A. thaliana,OMalley2016,TCP21,TCP,.
175,M06916_2.00,13,500,448,27655,0.03072772109235102,0.6825532330246885,1.0323410479608064,0.179193378316912,True,A. thaliana,OMalley2016,WOX11,Homeodomain,HD-WOX
176,M07295_2.00,62,500,3021,27655,0.031528096568122756,0.18285427860013495,0.2745195395059989,0.18204358583401953,True,A. thaliana,OMalley2016,AT2G20110,TCR/CxC,.
177,M02652_2.00,21,500,844,27655,0.03234943995582238,0.46068667101277583,0.6864845187432693,0.1832709282060449,True,Pisum sativum,JASPAR,HMG-I Y,AT hook,.
178,M06856_2.00,81,500,4082,27655,0.032457962823184076,0.13425797279310622,0.19986698997609806,0.1832709282060449,True,A. thaliana,OMalley2016,DOF4.2,Dof,.
179,M08144_2.00,39,500,1780,27655,0.03201845266470926,0.277209129949689,0.4143166713110919,0.1832709282060449,True,A. thaliana,JASPAR,AP1,MADS box,.
180,M06829_2.00,126,500,6600,27655,0.03239802421021319,0.07849805130793906,0.1169213931984932,0.1832709282060449,True,A. thaliana,OMalley2016,DOF1.5,Dof,.
181,M01773_2.00,9,500,272,27655,0.03315183607139441,0.8719305971331734,1.2900147037812726,0.18616031024706092,True,A. thaliana,Zoo_01,ABF1,bZIP,.
182,M06866_2.00,101,500,5221,27655,0.03370532747937539,0.09756947634506756,0.14365168139320333,0.18721111241261765,True,A. thaliana,OMalley2016,DOF5.4,Dof,.
183,M07280_2.00,5,500,109,27655,0.03369171352021869,1.3432122070516364,1.9778489477020034,0.18721111241261765,True,A. thaliana,OMalley2016,TCP22,TCP,.
184,M07011_2.00,22,500,1594,27655,0.033952712996188995,-0.3895358584119742,-0.5722770696275914,0.1875657982816495,True,A. thaliana,OMalley2016,AT1G18960,Myb/SANT,MYB-related
185,M07158_2.00,28,500,1936,27655,0.0343678851726098,-0.3220398782757897,-0.47141717131547267,0.18782876281501187,True,A. thaliana,OMalley2016,TRB2,Myb/SANT,MYB-related
186,M07091_2.00,6,500,148,27655,0.03430251471983239,1.1649775720334068,1.7063124076738445,0.18782876281501187,True,A. thaliana,OMalley2016,ATMYB121,Myb/SANT,R2R3-MYB
187,M07317_2.00,5,500,110,27655,0.03466181233429033,1.3300368183039033,1.942051575651498,0.18842751173215277,True,A. thaliana,OMalley2016,ZHD5,Homeodomain,HD-ZF
188,M07161_2.00,2,500,347,27655,0.03562745342570489,-1.6493234156370602,-2.388575271548677,0.18886779800356274,True,A. thaliana,OMalley2016,NAC004,NAC/NAM,.
189,M06844_2.00,25,500,1064,27655,0.03566681508286459,0.3780421912147358,0.5473051649302917,0.18886779800356274,True,A. thaliana,OMalley2016,DOF2.5,Dof,.
190,M06883_2.00,51,500,2454,27655,0.034961143652625745,0.20097424524979113,0.2927017786044965,0.18886779800356274,True,A. thaliana,OMalley2016,GATA28,GATA,.
191,M07046_2.00,9,500,276,27655,0.03523598693253866,0.8508689816053437,1.2363241678400994,0.18886779800356274,True,A. thaliana,OMalley2016,AT2G20400,Myb/SANT,G2-like
192,M06772_2.00,12,500,414,27655,0.03554708415395065,0.6809439801630315,0.9868213042995847,0.18886779800356274,True,A. thaliana,OMalley2016,BZIP28,bZIP,.
193,M06823_2.00,24,500,1014,27655,0.036057467468302615,0.38858900065901614,0.5607357852675062,0.18995222552889315,True,A. thaliana,OMalley2016,NUC,C2H2 ZF,.
194,M07362_2.00,20,500,811,27655,0.0366158392404461,0.44783842761128984,0.6432442198472391,0.19092544746804038,True,A. thaliana,OMalley2016,AT5G59990,Unknown,.
195,M07412_2.00,16,500,610,27655,0.03653136506205118,0.5368030044909519,0.7715652629443402,0.19092544746804038,True,A. thaliana,OMalley2016,WRKY7,WRKY,.
196,2.URI.MEME2,8,500,235,27655,0.03687661556489836,0.9129514903762008,1.3084867596431176,0.19130914267678237,True,.,.,2.URI.MEME2,.,.
197,M06848_2.00,55,500,2699,27655,0.03743934968180962,0.17261888899900849,0.24627048442883076,0.19324755239802743,True,A. thaliana,OMalley2016,DOF3.2,Dof,.
198,M06889_2.00,1,500,266,27655,0.037692734709587526,-2.265813998559989,-3.2259353518918545,0.19357776318190179,True,A. thaliana,OMalley2016,GATA14,GATA,.
199,M06864_2.00,89,500,4626,27655,0.03825625640892139,0.08965231727140772,0.12706400786349945,0.19525479634174064,True,A. thaliana,OMalley2016,DOF5.1,Dof,.
200,M06612_2.00,2,500,341,27655,0.03842065655071165,-1.624159492082972,-2.2988925447063977,0.19525479634174064,True,A. thaliana,OMalley2016,ERF13,AP2,ERF
201,1.PIF1.MEME1,8,500,238,27655,0.038716783757218105,0.8946506736332569,1.2633368667841454,0.19525479634174064,True,.,.,1.PIF1.MEME1,.,.
202,M06987_2.00,6,500,611,27655,0.03878348694459232,-0.8805976321563727,-1.242834239355172,0.19525479634174064,True,A. thaliana,OMalley2016,AGL16,MADS box,.
203,M08081_2.00,31,500,1399,27655,0.03906474012629828,0.29348450016332234,0.41328929313540524,0.19562146205991204,True,A. thaliana,JASPAR,REF6,C2H2 ZF,.
204,M06766_2.00,12,500,423,27655,0.03923913867150877,0.6499170845424069,0.9139657448858552,0.19562146205991204,True,A. thaliana,OMalley2016,ABI5,bZIP,.
205,M06991_2.00,8,500,732,27655,0.04034015426792638,-0.726231401342842,-1.0125571694904383,0.19912921515491966,True,A. thaliana,OMalley2016,FLC,MADS box,.
206,M06830_2.00,34,500,1571,27655,0.04072211934185734,0.25946381289734355,0.3606987121673664,0.19912921515491966,True,A. thaliana,OMalley2016,DOF1.5,Dof,.
207,M07326_2.00,30,500,1354,27655,0.04057104123038594,0.29334700897472205,0.4082756284386863,0.19912921515491966,True,A. thaliana,OMalley2016,ZHD6,Homeodomain,HD-ZF
208,M06605_2.00,3,500,408,27655,0.04034826024068851,-1.297994404309139,-1.8096315909574328,0.19912921515491966,True,A. thaliana,OMalley2016,ERF15,AP2,ERF
209,M06735_2.00,8,500,242,27655,0.04122972742980547,0.8706051996666062,1.2056049707596472,0.20065134015838662,True,A. thaliana,OMalley2016,BHLH34,bHLH,.
210,M01126_2.00,3,500,47,27655,0.0428641430886752,1.8198420859847193,2.4893726427299074,0.20163786755071014,True,C. sativa,TF_Evolution,PK18401.1,bHLH,.
211,M08045_2.00,4,500,82,27655,0.04491968387003136,1.4319164323231166,1.9295980454973927,0.20163786755071014,True,A. thaliana,JASPAR,PIF3,bHLH,.
212,M07270_2.00,10,500,337,27655,0.04328676907384676,0.7147917506467045,0.9747220743914073,0.20163786755071014,True,A. thaliana,OMalley2016,AT1G66420,Storekeeper,.
213,M06798_2.00,27,500,1207,27655,0.043211697615196595,0.30714597834964774,0.4190695648647845,0.20163786755071014,True,A. thaliana,OMalley2016,AT1G14580,C2H2 ZF,.
214,M07178_2.00,19,500,786,27655,0.0436242476350783,0.41901044812617944,0.5699682012529569,0.20163786755071014,True,A. thaliana,OMalley2016,ANAC020,NAC/NAM,.
215,M06897_2.00,38,500,1803,27655,0.04264866768415895,0.2212122689524445,0.3030817199600584,0.20163786755071014,True,A. thaliana,OMalley2016,GATA16,GATA,.
216,M07028_2.00,5,500,118,27655,0.04285831542017054,1.2287534824667217,1.6808916387548465,0.20163786755071014,True,A. thaliana,OMalley2016,MYB62,Myb/SANT,R2R3-MYB
217,M07338_2.00,24,500,1055,27655,0.04503431282810198,0.33140365406780914,0.44622059078935383,0.20163786755071014,True,A. thaliana,OMalley2016,ZHD9,Homeodomain,HD-ZF
218,M06891_2.00,9,500,293,27655,0.04470161269910608,0.7646365839612648,1.0320122643436165,0.20163786755071014,True,A. thaliana,OMalley2016,GATA4,GATA,.
219,M07403_2.00,9,500,294,27655,0.0452857591264043,0.7597210935471482,1.0210942833371748,0.20163786755071014,True,A. thaliana,OMalley2016,WRKY47,WRKY,.
220,M06674_2.00,6,500,595,27655,0.04438893586670102,-0.842314920532949,-1.139420675073042,0.20163786755071014,True,A. thaliana,OMalley2016,ERF5,AP2,ERF
221,M06646_2.00,5,500,533,27655,0.043754595160735404,-0.9465951909306128,-1.2864004586729578,0.20163786755071014,True,A. thaliana,OMalley2016,CRF4,AP2,ERF
222,M07136_2.00,12,500,434,27655,0.043939966420466756,0.6128797052178775,0.8317637343223689,0.20163786755071014,True,A. thaliana,OMalley2016,KUA1,Myb/SANT,MYB-related
223,M02683_2.00,6,500,161,27655,0.04529121789784852,1.04351405954774,1.4024682876893402,0.20163786755071014,True,A. thaliana,JASPAR,HAT5,Homeodomain,HD-ZIP
224,M06821_2.00,13,500,486,27655,0.045177612696254976,0.5650956514765115,0.760097006544447,0.20163786755071014,True,A. thaliana,OMalley2016,AT5G22990,C2H2 ZF,.
225,M06734_2.00,8,500,247,27655,0.04446024516455675,0.8411012053565229,1.137192503970873,0.20163786755071014,True,A. thaliana,OMalley2016,BHLH34,bHLH,.
226,M06974_2.00,10,500,341,27655,0.04537838506522831,0.6977686028043905,0.9372085714584454,0.20163786755071014,True,A. thaliana,OMalley2016,GT-4,Trihelix,MADF
227,M06999_2.00,9,500,290,27655,0.042965899019896475,0.7794843483685783,1.0654585234465879,0.20163786755071014,True,A. thaliana,OMalley2016,ATMYB13,Myb/SANT,R2R3-MYB
228,M06698_2.00,19,500,780,27655,0.041958751154198115,0.43006563663517533,0.5922766952788788,0.20163786755071014,True,A. thaliana,OMalley2016,HMGB9,HMGBox,.
229,M02697_2.00,19,500,781,27655,0.04223527783986362,0.4282172122428066,0.5885094679913113,0.20163786755071014,True,Antirrhinum majus,JASPAR,squamosa,MADS box,.
230,M07357_2.00,8,500,250,27655,0.04644274625887304,0.8236841522791134,1.0980386055629239,0.2041299083816032,True,A. thaliana,OMalley2016,BMY2,BES1,.
231,M07364_2.00,17,500,693,27655,0.04673815906193263,0.4402197360543263,0.5856368161193829,0.2041299083816032,True,A. thaliana,OMalley2016,AT5G63260,C3H,.
232,M06862_2.00,17,500,693,27655,0.04673815906193263,0.4402197360543263,0.5856368161193829,0.2041299083816032,True,A. thaliana,OMalley2016,DOF4.7,Dof,.
233,M01613_2.00,4,500,83,27655,0.04634514192093351,1.4144290055942759,1.8868423296361119,0.2041299083816032,True,A. thaliana,Zoo_01,AT2G33710,AP2,ERF
234,M06998_2.00,17,500,694,27655,0.04705349415004041,0.4381394256132793,0.581589831567832,0.20463264264400555,True,A. thaliana,OMalley2016,LHY,Myb/SANT,MYB-related
235,M07149_2.00,14,500,544,27655,0.04831797768330834,0.5093605177484654,0.6702630489671251,0.20594505808481947,True,A. thaliana,OMalley2016,AT5G61620,Myb/SANT,MYB-related
236,M06840_2.00,61,500,3174,27655,0.048327495995787374,0.08811936166890498,0.11594795893558277,0.20594505808481947,True,A. thaliana,OMalley2016,DOF2.2,Dof,.
237,M06865_2.00,42,500,2070,27655,0.048178307784350054,0.16637080733327322,0.21913505237451394,0.20594505808481947,True,A. thaliana,OMalley2016,DOF5.4,Dof,.
238,M07356_2.00,7,500,207,27655,0.047723611519871034,0.9033364014994792,1.1935483045726027,0.20594505808481947,True,A. thaliana,OMalley2016,BMY2,BES1,.
239,M06843_2.00,15,500,595,27655,0.04836283164418461,0.4796131743544132,0.6309255093754387,0.20594505808481947,True,A. thaliana,OMalley2016,DOF2.5,Dof,.
240,M07229_2.00,15,500,597,27655,0.04908218224057371,0.4747719112849139,0.6215125792815867,0.2081410383811881,True,A. thaliana,OMalley2016,NAC079,NAC/NAM,.
241,M07282_2.00,5,500,124,27655,0.04946392360600749,1.1572002214416874,1.510969564324437,0.2088930988650399,True,A. thaliana,OMalley2016,TCP9,TCP,.
242,M06585_2.00,6,500,580,27655,0.05017004929442682,-0.8054781523525777,-1.0467635406735225,0.2101687855223362,True,A. thaliana,OMalley2016,ERF3,AP2,ERF
243,M07221_2.00,10,500,350,27655,0.050201958865025174,0.660185419996234,0.8577652744510867,0.2101687855223362,True,A. thaliana,OMalley2016,NAC073,NAC/NAM,.
244,M07210_2.00,2,500,319,27655,0.050382928036176486,-1.5279441768236688,-1.9828385172512322,0.2101687855223362,True,A. thaliana,OMalley2016,anac058,NAC/NAM,.
245,M07197_2.00,14,500,551,27655,0.05102550941757741,0.490914850427647,0.6343663801753349,0.21112579200309356,True,A. thaliana,OMalley2016,anac046,NAC/NAM,.
246,M07157_2.00,24,500,1606,27655,0.050840407663774866,-0.27482523985495777,-0.355566415222795,0.21112579200309356,True,A. thaliana,OMalley2016,TRB2,Myb/SANT,MYB-related
247,M06849_2.00,69,500,3862,27655,0.051833027824989115,-0.017139555231280624,-0.022031071535184608,0.21360223563362452,True,A. thaliana,OMalley2016,CDF3,Dof,.
248,M06895_2.00,7,500,213,27655,0.05243640014249643,0.8621137387729665,1.1038220943874528,0.21522088733185285,True,A. thaliana,OMalley2016,GATA12,GATA,.
249,M10624_2.00,7,500,214,27655,0.0532357272368534,0.8553563725976576,1.0895502177958316,0.2176276529442567,True,A. thaliana,Transfac,HAT5,Homeodomain,HD-ZIP
250,M06808_2.00,20,500,877,27655,0.054102455881786464,0.33496349938382974,0.4243260734880272,0.22028968092105883,True,A. thaliana,OMalley2016,IDD5,C2H2 ZF,.
251,M07298_2.00,53,500,2794,27655,0.05456347259480884,0.06927258609493649,0.08749806478335455,0.22105817744748565,True,A. thaliana,OMalley2016,TCX3,TCR/CxC,.
252,M02361_2.00,3,500,53,27655,0.05553087926142408,1.6465104830991575,2.0671370245406337,0.22105817744748565,True,O. tauri,Zoo_01,1200010153,Myb/SANT,MYB
253,M06804_2.00,59,500,3314,27655,0.05527074477817901,-0.02224640091841026,-0.027974953339739636,0.22105817744748565,True,A. thaliana,OMalley2016,TFIIIA,C2H2 ZF,.
254,M07139_2.00,21,500,940,27655,0.056314709959810486,0.3052689131549611,0.3813963094545739,0.22105817744748565,True,A. thaliana,OMalley2016,RVE6,Myb/SANT,MYB-related
255,M07069_2.00,21,500,940,27655,0.056314709959810486,0.3052689131549611,0.3813963094545739,0.22105817744748565,True,A. thaliana,OMalley2016,RVE8,Myb/SANT,MYB-related
256,M07300_2.00,42,500,2143,27655,0.055947411123300095,0.11636972504341313,0.14572049767002637,0.22105817744748565,True,A. thaliana,OMalley2016,TCX2,TCR/CxC,.
257,M07148_2.00,18,500,1250,27655,0.056260333485179614,-0.32831894116593663,-0.4103322568352529,0.22105817744748565,True,A. thaliana,OMalley2016,TRP1,Myb/SANT,MYB-related
258,M06938_2.00,8,500,263,27655,0.05535966150001602,0.7505494476488981,0.9432954799644455,0.22105817744748565,True,A. thaliana,OMalley2016,HSFB3,HSF,.
259,M01772_2.00,6,500,173,27655,0.05645419208786082,0.9398027100256321,1.1731592973474665,0.22105817744748565,True,A. thaliana,Zoo_01,ABF1,bZIP,.
260,M06785_2.00,5,500,129,27655,0.05522282837757297,1.1001692764053088,1.3838824186278555,0.22105817744748565,True,A. thaliana,OMalley2016,TGA2,bZIP,.
261,M06952_2.00,8,500,265,27655,0.05677104939894998,0.7396198874906391,0.9214725056842012,0.22145042933483544,True,A. thaliana,OMalley2016,HSFB2A,HSF,.
262,M07358_2.00,28,500,1335,27655,0.05702345305718921,0.21419933242388836,0.26645250719627483,0.22158923583440066,True,A. thaliana,OMalley2016,EMB1789,Unknown,.
263,M06683_2.00,3,500,375,27655,0.05745420097945626,-1.1763158477208866,-1.4594294412205158,0.22207285865127835,True,A. thaliana,OMalley2016,ERF104,AP2,ERF
264,M06560_2.00,5,500,131,27655,0.057582492703120124,1.0779735302911129,1.3363740680403455,0.22207285865127835,True,A. thaliana,OMalley2016,ERF023,AP2,DREB
265,M07293_2.00,4,500,95,27655,0.06457066787947019,1.2196128286102528,1.451296239928445,0.22208275972558117,True,A. thaliana,OMalley2016,TCP21,TCP,.
266,M07239_2.00,1,500,235,27655,0.05886330263769733,-2.087048509623799,-2.5673939412351827,0.22208275972558117,True,A. thaliana,OMalley2016,NAC098,NAC/NAM,.
267,M06694_2.00,20,500,901,27655,0.06048570049196328,0.29601323601502433,0.3606469225329723,0.22208275972558117,True,A. thaliana,OMalley2016,ARID6,ARID/BRIGHT,.
268,M07034_2.00,42,500,2259,27655,0.06363566352213479,0.04031730432687679,0.048231567910783,0.22208275972558117,True,A. thaliana,OMalley2016,AT1G72740,Myb/SANT,MYB-related
269,M06845_2.00,44,500,2315,27655,0.05975411978185359,0.0721035774308989,0.08822825523413587,0.22208275972558117,True,A. thaliana,OMalley2016,GATA24,Dof,.
270,M07205_2.00,1,500,230,27655,0.06315118555517225,-2.056021614003175,-2.4664415479007116,0.22208275972558117,True,A. thaliana,OMalley2016,NAC054,NAC/NAM,.
271,M06591_2.00,6,500,555,27655,0.060947677249151226,-0.7419130235751116,-0.9014561078961192,0.22208275972558117,True,A. thaliana,OMalley2016,ERF118,AP2,ERF
272,M02696_2.00,11,500,422,27655,0.06199361635215768,0.5278008668713126,0.6374003154061355,0.22208275972558117,True,A. thaliana,JASPAR,SEP1,MADS box,.
273,M07138_2.00,19,500,859,27655,0.06415923277356408,0.2908816292463223,0.34694639824240636,0.22208275972558117,True,A. thaliana,OMalley2016,RVE6,Myb/SANT,MYB-related
274,M02264_2.00,4,500,95,27655,0.06457066787947019,1.2196128286102528,1.451296239928445,0.22208275972558117,True,A. thaliana,Zoo_01,ASIL1,Trihelix,MADF
275,M07296_2.00,39,500,2252,27655,0.06430607188676497,-0.062120456276780686,-0.07403193066554602,0.22208275972558117,True,A. thaliana,OMalley2016,AT2G20110,TCR/CxC,.
276,M08146_2.00,14,500,1012,27655,0.06072695192522965,-0.3861702156955055,-0.46982183509909387,0.22208275972558117,True,A. thaliana,JASPAR,AP3,MADS box,.
277,M07117_2.00,19,500,859,27655,0.06415923277356408,0.2908816292463223,0.34694639824240636,0.22208275972558117,True,A. thaliana,OMalley2016,RVE4,Myb/SANT,MYB-related
278,M07166_2.00,10,500,376,27655,0.0647560297438583,0.5568076801509256,0.6618883064623566,0.22208275972558117,True,A. thaliana,OMalley2016,AT1G19040,NAC/NAM,.
279,M06611_2.00,18,500,1216,27655,0.06382268779807058,-0.2885340750600727,-0.3448054071059335,0.22208275972558117,True,A. thaliana,OMalley2016,DREB2C,AP2,DREB
280,M06786_2.00,6,500,180,27655,0.06329955219862222,0.882577841332682,1.0578572378107585,0.22208275972558117,True,A. thaliana,OMalley2016,TGA2,bZIP,.
281,M06712_2.00,50,500,2734,27655,0.059699367104202226,0.01652709910986544,0.020229669634816847,0.22208275972558117,True,A. thaliana,OMalley2016,AT5G60130,B3,REM
282,M07323_2.00,5,500,135,27655,0.06238494973713183,1.034580934777732,1.246587436313468,0.22208275972558117,True,A. thaliana,OMalley2016,BEH4,BES1,.
283,M07101_2.00,19,500,859,27655,0.06415923277356408,0.2908816292463223,0.34694639824240636,0.22208275972558117,True,A. thaliana,OMalley2016,RVE5,Myb/SANT,MYB-related
284,M06975_2.00,11,500,427,27655,0.06455680593314085,0.5108077959580074,0.6078908863037348,0.22208275972558117,True,A. thaliana,OMalley2016,GT-4,Trihelix,MADF
285,M07377_2.00,8,500,270,27655,0.06033550138438602,0.7126528398903698,0.8690281672932614,0.22208275972558117,True,A. thaliana,OMalley2016,WRKY6,WRKY,.
286,M07081_2.00,7,500,226,27655,0.06307750309998182,0.7766443965836171,0.9320707497364183,0.22208275972558117,True,A. thaliana,OMalley2016,AtMYB10,Myb/SANT,R2R3-MYB
287,M07070_2.00,19,500,859,27655,0.06415923277356408,0.2908816292463223,0.34694639824240636,0.22208275972558117,True,A. thaliana,OMalley2016,RVE8,Myb/SANT,MYB-related
288,M06675_2.00,6,500,547,27655,0.06469300495829441,-0.7209660851301999,-0.8573315395071043,0.22208275972558117,True,A. thaliana,OMalley2016,ERF5,AP2,ERF
289,M07353_2.00,12,500,479,27655,0.06449033127942211,0.4705490919261765,0.560191231202846,0.22208275972558117,True,A. thaliana,OMalley2016,ZHD10,Homeodomain,HD-ZF
290,M07380_2.00,13,500,528,27655,0.06285752239641602,0.445514035723839,0.5353487071354832,0.22208275972558117,True,A. thaliana,OMalley2016,WRKY40,WRKY,.
291,M07008_2.00,19,500,859,27655,0.06415923277356408,0.2908816292463223,0.34694639824240636,0.22208275972558117,True,A. thaliana,OMalley2016,RVE7,Myb/SANT,MYB-related
292,M07075_2.00,13,500,525,27655,0.06157658150061489,0.4537345425288076,0.5492839703397426,0.22208275972558117,True,A. thaliana,OMalley2016,AT3G11280,Myb/SANT,MYB-related
293,M07318_2.00,24,500,1126,27655,0.06055567486511438,0.23743982558212717,0.2891649403570116,0.22208275972558117,True,A. thaliana,OMalley2016,ZHD5,Homeodomain,HD-ZF
294,M07277_2.00,4,500,93,27655,0.061410313141891944,1.2503096258331692,1.5150735518795369,0.22208275972558117,True,A. thaliana,OMalley2016,TCP15,TCP,.
295,M07195_2.00,15,500,631,27655,0.06147421670369239,0.3948628375671699,0.4783001177147514,0.22208275972558117,True,A. thaliana,OMalley2016,NAC045,NAC/NAM,.
296,M06701_2.00,8,500,274,27655,0.06321809871543987,0.6914363539806738,0.8291418292837401,0.22208275972558117,True,A. thaliana,OMalley2016,ARF5,B3,ARF
297,M06989_2.00,25,500,1173,27655,0.058575445370190445,0.23733732868741686,0.2924670878266132,0.22208275972558117,True,A. thaliana,OMalley2016,AGL13,MADS box,.
298,M07106_2.00,7,500,229,27655,0.06559508036003095,0.7576195709018607,0.8963614819172779,0.22233900100799547,True,A. thaliana,OMalley2016,MYB39,Myb/SANT,R2R3-MYB
299,M09748_2.00,1,500,224,27655,0.06866640287756742,-2.017886485116404,-2.3473179612826165,0.22233900100799547,True,A. thaliana,Transfac,RAV1,AP2,B3
300,M06910_2.00,7,500,232,27655,0.06812861785697848,0.7388423638712326,0.8619855321658138,0.22233900100799547,True,A. thaliana,OMalley2016,ATHB-6,Homeodomain,HD-ZIP
301,M07004_2.00,1,500,225,27655,0.067718255660749,-2.0243127542758366,-2.367017238092896,0.22233900100799547,True,A. thaliana,OMalley2016,HRS1,Myb/SANT,G2-like
302,M07319_2.00,6,500,543,27655,0.06661780875773098,-0.7103774501420047,-0.8356948921391709,0.22233900100799547,True,A. thaliana,OMalley2016,AT1G76870,Trihelix,.
303,M02649_2.00,1,500,224,27655,0.06866640287756742,-2.017886485116404,-2.3473179612826165,0.22233900100799547,True,A. thaliana,JASPAR,RAV1,AP2,B3
304,M07306_2.00,18,500,820,27655,0.06896424982341934,0.27991333887806663,0.325084629257067,0.22233900100799547,True,A. thaliana,OMalley2016,SRS7,SRS,.
305,M06932_2.00,7,500,232,27655,0.06812861785697848,0.7388423638712326,0.8619855321658138,0.22233900100799547,True,A. thaliana,OMalley2016,ATHB-5,Homeodomain,HD-ZIP
306,M08148_2.00,30,500,1788,27655,0.06882841089739446,-0.10777198863359883,-0.12525608162038943,0.22233900100799547,True,A. thaliana,JASPAR,PI,MADS box,.
307,M06813_2.00,18,500,812,27655,0.06670139099273158,0.2940575211983365,0.3457719792747759,0.22233900100799547,True,A. thaliana,OMalley2016,AT3G46070,C2H2 ZF,.
308,M07393_2.00,9,500,327,27655,0.06569877306364798,0.6062466128854302,0.7168519065965628,0.22233900100799547,True,A. thaliana,OMalley2016,WRKY43,WRKY,.
309,M06912_2.00,7,500,232,27655,0.06812861785697848,0.7388423638712326,0.8619855321658138,0.22233900100799547,True,A. thaliana,OMalley2016,ATHB-20,Homeodomain,HD-ZIP
310,M07246_2.00,11,500,428,27655,0.06506975448187571,0.5074330691773508,0.6021306506922052,0.22233900100799547,True,A. thaliana,OMalley2016,NAC105,NAC/NAM,.
311,M07223_2.00,8,500,281,27655,0.06831006677856133,0.6550421167202746,0.7634616027017621,0.22233900100799547,True,A. thaliana,OMalley2016,anac075,NAC/NAM,.
312,M07170_2.00,14,500,594,27655,0.06788808938298373,0.38250423819803886,0.4468439043591499,0.22233900100799547,True,A. thaliana,OMalley2016,ANAC13,NAC/NAM,.
313,M06913_2.00,7,500,232,27655,0.06812861785697848,0.7388423638712326,0.8619855321658138,0.22233900100799547,True,A. thaliana,OMalley2016,ATHB-20,Homeodomain,HD-ZIP
314,M07196_2.00,2,500,294,27655,0.06773376733997945,-1.410203907895164,-1.6488030314046906,0.22233900100799547,True,A. thaliana,OMalley2016,anac046,NAC/NAM,.
315,M06898_2.00,12,500,485,27655,0.06728219903324327,0.4525900005878669,0.5304806594061283,0.22233900100799547,True,A. thaliana,OMalley2016,ATHB-9,Homeodomain,HD-ZIP
316,M06901_2.00,7,500,232,27655,0.06812861785697848,0.7388423638712326,0.8619855321658138,0.22233900100799547,True,A. thaliana,OMalley2016,ATHB-13,Homeodomain,HD-ZIP
317,M06914_2.00,8,500,283,27655,0.06977234737878849,0.6448101941093181,0.7456047736188861,0.2227435254023131,True,A. thaliana,OMalley2016,HAT5,Homeodomain,HD-ZIP
318,M06955_2.00,10,500,761,27655,0.07038004838532672,-0.4603561116749826,-0.5305836385747276,0.2227435254023131,True,A. thaliana,OMalley2016,LBD6,LOB,.
319,M07315_2.00,6,500,537,27655,0.06956850745188362,-0.6943473403230559,-0.8037676727054623,0.2227435254023131,True,A. thaliana,OMalley2016,AT1G74370,Unknown,.
320,M07297_2.00,35,500,1935,27655,0.07039741556257058,0.0006336028543946399,0.0007301913545431458,0.2227435254023131,True,A. thaliana,OMalley2016,TCX3,TCR/CxC,.
321,M07301_2.00,34,500,1938,27655,0.07012183968781356,-0.04342157722354091,-0.05011486999434322,0.2227435254023131,True,A. thaliana,OMalley2016,TCX2,TCR/CxC,.
322,1.FD-MEME,11,500,437,27655,0.0696808582461261,0.47741058607789916,0.5523098662125289,0.2227435254023131,True,.,.,1.FD-MEME,.,.
323,M06887_2.00,30,500,1765,27655,0.07092011292844877,-0.08909343560882363,-0.10238890081514997,0.22319876006180345,True,A. thaliana,OMalley2016,GATA1,GATA,.
324,M07227_2.00,11,500,814,27655,0.07097807927601382,-0.41998492868774934,-0.48251050295362174,0.22319876006180345,True,A. thaliana,OMalley2016,NAC078,NAC/NAM,.
325,M07093_2.00,24,500,1478,27655,0.07188178746129899,-0.15499961648379418,-0.1772236369497738,0.22534719872836678,True,A. thaliana,OMalley2016,TRP2,Myb/SANT,MYB-related
326,M08424_2.00,20,500,1276,27655,0.07277454796746077,-0.2060160819363065,-0.23445052116605464,0.22538056976589368,True,A. thaliana,JASPAR,SVP,MADS box,.
327,M07366_2.00,20,500,950,27655,0.07257836705949229,0.21961282861025275,0.2501813547251727,0.22538056976589368,True,A. thaliana,OMalley2016,ZHD1,Homeodomain,HD-ZF
328,M07056_2.00,4,500,413,27655,0.0727071668767422,-0.9005295344782448,-1.0251833341672827,0.22538056976589368,True,A. thaliana,OMalley2016,AT2G38300,Myb/SANT,G2-like
329,M07033_2.00,32,500,1719,27655,0.07232030260611579,0.04211460746313935,0.04804180743458745,0.22538056976589368,True,A. thaliana,OMalley2016,AT1G72740,Myb/SANT,MYB-related
330,M07325_2.00,11,500,807,27655,0.07336607451974772,-0.4075248076992828,-0.46233881679161865,0.2262748463926191,True,A. thaliana,OMalley2016,SDG37,Unknown,.
331,M06788_2.00,5,500,144,27655,0.07350611448370796,0.9414715303862505,1.0673241808160268,0.2262748463926191,True,A. thaliana,OMalley2016,TGA4,bZIP,.
332,M08147_2.00,31,500,1699,27655,0.07436048201736534,0.013194610143855182,0.014892199705903745,0.22685496304999214,True,A. thaliana,JASPAR,FLC,MADS box,.
333,1.WRKY33.1MEME,22,500,1077,27655,0.07407227468213703,0.17609752103429024,0.1990508323878993,0.22685496304999214,True,.,.,1.WRKY33.1MEME,.,.
334,M07278_2.00,4,500,101,27655,0.07426222967638323,1.131256954189406,1.2774515704248837,0.22685496304999214,True,A. thaliana,OMalley2016,TCP15,TCP,.
335,M07003_2.00,5,500,145,27655,0.07476151679175974,0.9314874418136284,1.0491547016219147,0.2273996135749359,True,A. thaliana,OMalley2016,MYB61,Myb/SANT,R2R3-MYB
336,M06588_2.00,6,500,526,27655,0.07516821598688095,-0.6644880516299456,-0.7468618159726436,0.22795820990680216,True,A. thaliana,OMalley2016,RAP2-12,AP2,ERF
337,M00975_2.00,4,500,408,27655,0.07589902772325127,-0.8829569050302951,-0.9887031681226568,0.22881653785593745,True,A. thaliana,Lindemose2014,NTL8,NAC/NAM,.
338,M06626_2.00,6,500,525,27655,0.07568897606018514,-0.6617426748911283,-0.741791945869477,0.22881653785593745,True,A. thaliana,OMalley2016,ERF1B,AP2,ERF
339,M07222_2.00,6,500,193,27655,0.07640787574369957,0.7819739003942763,0.8733568359718031,0.22967308532370873,True,A. thaliana,OMalley2016,NAC073,NAC/NAM,.
340,M08425_2.00,27,500,1428,27655,0.07720247114892799,0.06457567507556937,0.07183196608000522,0.2313810132381361,True,A. thaliana,JASPAR,SOC1,MADS box,.
341,M06593_2.00,23,500,1161,27655,0.07760631367186899,0.13187813613264687,0.1463983073309413,0.23191126483231025,True,A. thaliana,OMalley2016,ERF021,AP2,DREB
342,M06970_2.00,20,500,977,27655,0.07832020209927508,0.17918177986017764,0.19819766136270942,0.23199765170068878,True,A. thaliana,OMalley2016,AT1G76880,Trihelix,MADF
343,M07092_2.00,16,500,1050,27655,0.07823547937076245,-0.24670517561228436,-0.2730030226933533,0.23199765170068878,True,A. thaliana,OMalley2016,TRP2,Myb/SANT,MYB-related
344,M01158_2.00,5,500,148,27655,0.07854323629005706,0.9019431661996132,0.9965490745012574,0.23199765170068878,True,C. sativa,TF_Evolution,PK18009.1,bZIP,.
345,M06857_2.00,5,500,148,27655,0.07854323629005706,0.9019431661996132,0.9965490745012574,0.23199765170068878,True,A. thaliana,OMalley2016,DOF4.3,Dof,.
346,M07378_2.00,7,500,245,27655,0.07920568118732037,0.660185419996234,0.7270250125823277,0.23328013306467266,True,A. thaliana,OMalley2016,WRKY6,WRKY,.
347,M02661_2.00,6,500,196,27655,0.07947053652461702,0.7597210935471486,0.8355365901569157,0.2333876101383868,True,Antirrhinum majus,JASPAR,bZIP911,bZIP,.
348,M07062_2.00,5,500,150,27655,0.08107417965729226,0.882577841332682,0.9629960721943527,0.2340791230305791,True,A. thaliana,OMalley2016,MYB107,Myb/SANT,R2R3-MYB
349,M06709_2.00,18,500,1137,27655,0.08059610063072482,-0.19162310050873524,-0.20957549646879753,0.2340791230305791,True,A. thaliana,OMalley2016,AT4G33280,AP2,B3
350,M07233_2.00,12,500,515,27655,0.08089422456054139,0.36600231559177604,0.3997047178571201,0.2340791230305791,True,A. thaliana,OMalley2016,ANAC087,NAC/NAM,.
351,M07189_2.00,19,500,929,27655,0.08108024418084638,0.17786116400213328,0.19406163959825326,0.2340791230305791,True,A. thaliana,OMalley2016,ANAC038,NAC/NAM,.
352,M07324_2.00,4,500,401,27655,0.08051991994170267,-0.8579899895137197,-0.9387239866346977,0.2340791230305791,True,A. thaliana,OMalley2016,AGL95,MADS box,.
353,M06826_2.00,7,500,247,27655,0.08091223522017131,0.6484561274141271,0.7081048838186035,0.2340791230305791,True,A. thaliana,OMalley2016,AZF1,C2H2 ZF,.
354,M06936_2.00,4,500,399,27655,0.08187229819959874,-0.8507764992811452,-0.9246775141276199,0.23437952033610618,True,A. thaliana,OMalley2016,HSFB4,HSF,.
355,M06770_2.00,10,500,406,27655,0.08171111404299801,0.44606061464338675,0.4851885469635918,0.23437952033610618,True,A. thaliana,OMalley2016,GBF3,bZIP,.
356,M06986_2.00,25,500,1349,27655,0.08168856332994151,0.03564999376765772,0.03878144436827231,0.23437952033610618,True,A. thaliana,OMalley2016,AGL6,MADS box,.
357,M07218_2.00,10,500,407,27655,0.08226296236574741,0.4425115475623159,0.48003460417020033,0.2348400769212119,True,A. thaliana,OMalley2016,BRN2,NAC/NAM,.
358,M01780_2.00,5,500,153,27655,0.08487905968057523,0.8540086891359111,0.9148136298510875,0.2350530792292227,True,A. thaliana,Zoo_01,TGA6,bZIP,.
359,M06708_2.00,20,500,1003,27655,0.08300597097412468,0.14129064121638216,0.15271973526171506,0.2350530792292227,True,A. thaliana,OMalley2016,ARF16,B3,ARF
360,M06724_2.00,5,500,153,27655,0.08487905968057523,0.8540086891359111,0.9148136298510875,0.2350530792292227,True,A. thaliana,OMalley2016,BHLH122,bHLH,.
361,M06574_2.00,5,500,453,27655,0.08422210951465099,-0.711970708217672,-0.7650651299269232,0.2350530792292227,True,A. thaliana,OMalley2016,ERF087,AP2,ERF
362,M01154_2.00,5,500,153,27655,0.08487905968057523,0.8540086891359111,0.9148136298510875,0.2350530792292227,True,C. sativa,TF_Evolution,PK05128.1,bZIP,.
363,M01132_2.00,8,500,304,27655,0.08509749443719412,0.5415409234976148,0.5794938588875711,0.2350530792292227,True,A. thaliana,TF_Evolution,HYH,bZIP,.
364,M00856_2.00,5,500,153,27655,0.08487905968057523,0.8540086891359111,0.9148136298510875,0.2350530792292227,True,A. thaliana,Franco_Zorrilla2014,TGA2,bZIP,.
365,M06836_2.00,12,500,827,27655,0.08407246569781536,-0.31731258150891806,-0.3412208835931254,0.2350530792292227,True,A. thaliana,OMalley2016,DOF1.8,Dof,.
366,M06990_2.00,14,500,640,27655,0.08468487469956178,0.2748952641114422,0.2947410942412656,0.2350530792292227,True,A. thaliana,OMalley2016,FLC,MADS box,.
367,M07144_2.00,9,500,357,27655,0.08479772071393432,0.4796131743544132,0.5139610656123326,0.2350530792292227,True,A. thaliana,OMalley2016,AT5G56840,Myb/SANT,MYB-related
368,M07169_2.00,20,500,1007,27655,0.08364457874729664,0.13554856382177827,0.1460620088690904,0.2350530792292227,True,A. thaliana,OMalley2016,ANAC011,NAC/NAM,.
369,M10064_2.00,6,500,200,27655,0.08355801034902939,0.730574747887632,0.7875682792370202,0.2350530792292227,True,Antirrhinum majus,Transfac,bZIP911,bZIP,.
370,M06963_2.00,4,500,109,27655,0.08749947603732762,1.021284112164274,1.0805130222241166,0.23600770920968742,True,A. thaliana,OMalley2016,LBD18,LOB,.
371,M07269_2.00,20,500,1125,27655,0.09120698063416421,-0.024312754275836405,-0.025284581772873193,0.23600770920968742,True,A. thaliana,OMalley2016,HMGB13,HMGBox,.
372,M07405_2.00,7,500,257,27655,0.08938952635858095,0.5911988098049268,0.6199980925518171,0.23600770920968742,True,A. thaliana,OMalley2016,WRKY42,WRKY,.
373,M06896_2.00,7,500,256,27655,0.08854806923523964,0.5968233589988047,0.6283481083702476,0.23600770920968742,True,A. thaliana,OMalley2016,GATA12,GATA,.
374,M06930_2.00,6,500,203,27655,0.08661984886016305,0.7090950204771804,0.7533301961782177,0.23600770920968742,True,A. thaliana,OMalley2016,HAT2,Homeodomain,HD-ZIP
375,M02701_2.00,3,500,68,27655,0.09045142416784296,1.2869680964120174,1.3430600741829943,0.23600770920968742,True,A. thaliana,JASPAR,F3A4.140,Myb/SANT,R2R3-MYB
376,M06873_2.00,7,500,557,27655,0.0877425791482795,-0.5247101583412273,-0.5545082403847478,0.23600770920968742,True,A. thaliana,OMalley2016,E2FE,E2F,.
377,M02551_2.00,2,500,31,27655,0.08953522217401184,1.8352721265543253,1.9233763551341008,0.23600770920968742,True,A. thaliana,Zoo_01,WRKY60,WRKY,.
378,M08145_2.00,20,500,1087,27655,0.09121628682761891,0.025260306801253945,0.026268890497586544,0.23600770920968742,True,A. thaliana,JASPAR,AGL27,MADS box,.
379,M06570_2.00,6,500,497,27655,0.09096045325369266,-0.5826711038999295,-0.6066464956954597,0.23600770920968742,True,A. thaliana,OMalley2016,ERF012,AP2,DREB
380,M06660_2.00,21,500,1199,27655,0.08836603493942813,-0.045830083694262704,-0.048291829762473426,0.23600770920968742,True,A. thaliana,OMalley2016,SHN2,AP2,ERF
381,M07268_2.00,18,500,1084,27655,0.0895481077267912,-0.12275560297035873,-0.128640946895039,0.23600770920968742,True,A. thaliana,OMalley2016,HMGB13,HMGBox,.
382,M01788_2.00,3,500,68,27655,0.09045142416784296,1.2869680964120174,1.3430600741829943,0.23600770920968742,True,A. thaliana,Zoo_01,TGA1,bZIP,.
383,M06670_2.00,13,500,870,27655,0.08619829321494094,-0.2749634356537979,-0.29269894389450174,0.23600770920968742,True,A. thaliana,OMalley2016,ERF9,AP2,ERF
384,M01784_2.00,3,500,68,27655,0.09045142416784296,1.2869680964120174,1.3430600741829943,0.23600770920968742,True,A. thaliana,Zoo_01,TGA2,bZIP,.
385,M06980_2.00,11,500,480,27655,0.09070261060826443,0.3420094599699791,0.35650389368665725,0.23600770920968742,True,A. thaliana,OMalley2016,AT5G47660,Trihelix,MADF
386,M01774_2.00,3,500,68,27655,0.09045142416784296,1.2869680964120174,1.3430600741829943,0.23600770920968742,True,A. thaliana,Zoo_01,TGA7,bZIP,.
387,M06672_2.00,10,500,717,27655,0.08675177134276212,-0.374432776873342,-0.3975433852252561,0.23600770920968742,True,A. thaliana,OMalley2016,ERF2,AP2,ERF
388,M07051_2.00,12,500,539,27655,0.0909094475129819,0.3002894749098513,0.31271875103434565,0.23600770920968742,True,A. thaliana,OMalley2016,MYB101,Myb/SANT,R2R3-MYB
389,M06966_2.00,14,500,916,27655,0.08697434732301895,-0.24238042909813934,-0.25707082128981557,0.23600770920968742,True,A. thaliana,OMalley2016,LOB,LOB,.
390,M07307_2.00,16,500,775,27655,0.0884477645525589,0.19141593677960084,0.20162092123654402,0.23600770920968742,True,A. thaliana,OMalley2016,SRS7,SRS,.
391,M06730_2.00,5,500,156,27655,0.08868668748369823,0.8259943129663146,0.8690629499794164,0.23600770920968742,True,A. thaliana,OMalley2016,AT2G22750,bHLH,.
392,M01155_2.00,3,500,68,27655,0.09045142416784296,1.2869680964120174,1.3430600741829943,0.23600770920968742,True,C. sativa,TF_Evolution,PK09021.1,bZIP,.
393,M06576_2.00,7,500,556,27655,0.08824529691004658,-0.5221177137247028,-0.5504731077254397,0.23600770920968742,True,A. thaliana,OMalley2016,ERF11,AP2,ERF
394,M07120_2.00,4,500,110,27655,0.08916635190846627,1.008108723416541,1.0583115311695026,0.23600770920968742,True,A. thaliana,OMalley2016,MYB33,Myb/SANT,R2R3-MYB
395,M07241_2.00,6,500,208,27655,0.09170059553736999,0.6739912195212646,0.6993520558875954,0.2366616379777579,True,A. thaliana,OMalley2016,NAC101,NAC/NAM,.
396,M07235_2.00,5,500,159,27655,0.09248882975239017,0.7985135765442074,0.8255917433279651,0.2378499665767653,True,A. thaliana,OMalley2016,NAC92,NAC/NAM,.
397,M10036_2.00,3,500,69,27655,0.09285923352654536,1.2659064808841876,1.3066369021317543,0.2378499665767653,True,Zea mays,Transfac,O2,bZIP,.
398,M06584_2.00,7,500,547,27655,0.09280193418272879,-0.49857366379375195,-0.514748875257348,0.2378499665767653,True,A. thaliana,OMalley2016,ERF3,AP2,ERF
399,M06620_2.00,15,500,931,27655,0.0940360144024541,-0.16627832500907477,-0.17071891840303693,0.2378831849487824,True,A. thaliana,OMalley2016,ERF7,AP2,ERF
400,M06993_2.00,18,500,938,27655,0.09312512427729701,0.08594932586813613,0.08860800793990745,0.2378831849487824,True,A. thaliana,OMalley2016,AGL15,MADS box,.
401,M07127_2.00,5,500,160,27655,0.09375358825939292,0.7894684369412006,0.8115831068475585,0.2378831849487824,True,A. thaliana,OMalley2016,MYB43,Myb/SANT,R2R3-MYB
402,M06577_2.00,1,500,201,27655,0.0939704292123591,-1.8615832542377282,-1.9118623644674475,0.2378831849487824,True,A. thaliana,OMalley2016,ERF055,AP2,DREB
403,M07232_2.00,8,500,316,27655,0.0936157882452939,0.48568768876409757,0.49960307893682127,0.2378831849487824,True,A. thaliana,OMalley2016,ANAC087,NAC/NAM,.
404,M06815_2.00,18,500,953,27655,0.0945336073798514,0.06306103447357071,0.06460059201576551,0.23843866400817076,True,A. thaliana,OMalley2016,IDD2,C2H2 ZF,.
405,M06572_2.00,8,500,595,27655,0.09472220898954728,-0.4272774212541052,-0.4373390279247009,0.23843866400817076,True,A. thaliana,OMalley2016,ERF019,AP2,DREB
406,M06676_2.00,9,500,645,27655,0.09503528578720143,-0.3737619119271037,-0.38202769957292504,0.2385513517335804,True,A. thaliana,OMalley2016,ERF105,AP2,ERF
407,M06566_2.00,1,500,200,27655,0.09523380773708494,-1.8543877528335242,-1.8937171862115048,0.2385513517335804,True,A. thaliana,OMalley2016,ERF027,AP2,DREB
408,M07058_2.00,18,500,1021,27655,0.09559594056704941,-0.036373712494288724,-0.03708520229535598,0.23887298596460757,True,A. thaliana,OMalley2016,AT2G40260,Myb/SANT,G2-like
409,M07202_2.00,16,500,812,27655,0.0958718075459814,0.12413251975602435,0.1264052725443268,0.23897801783412925,True,A. thaliana,OMalley2016,NAC053,NAC/NAM,.
410,M07188_2.00,4,500,379,27655,0.09614213581660386,-0.7765856012298913,-0.7898545246595029,0.23906876594785678,True,A. thaliana,OMalley2016,ANAC038,NAC/NAM,.
411,M07000_2.00,8,500,320,27655,0.09638108033842953,0.4675403420538381,0.4750248260271159,0.239081223557949,True,A. thaliana,OMalley2016,ATMYB13,Myb/SANT,R2R3-MYB
412,M06943_2.00,6,500,213,27655,0.09673335908054057,0.6397213174365184,0.6489484856490068,0.2393740750128631,True,A. thaliana,OMalley2016,HSFC1,HSF,.
413,M07226_2.00,15,500,755,27655,0.0981701291315033,0.1360261983372778,0.13711721519737846,0.24001721902386738,True,A. thaliana,OMalley2016,NAC078,NAC/NAM,.
414,M07341_2.00,17,500,909,27655,0.09789495687082247,0.04879479399743303,0.04924564230957007,0.24001721902386738,True,A. thaliana,OMalley2016,AT4G12670,Unknown,.
415,M06890_2.00,5,500,163,27655,0.09753585773203036,0.7626683775974854,0.7709324176041374,0.24001721902386738,True,A. thaliana,OMalley2016,GATA6,GATA,.
416,M07067_2.00,7,500,267,27655,0.09768174062801985,0.5361274273112507,0.5415887483964738,0.24001721902386738,True,A. thaliana,OMalley2016,MYB83,Myb/SANT,R2R3-MYB
417,M07245_2.00,10,500,438,27655,0.0984023627896286,0.33660947222738946,0.3389638782189241,0.24001721902386738,True,A. thaliana,OMalley2016,NAC105,NAC/NAM,.
418,M01267_2.00,2,500,33,27655,0.09803315522683752,1.745074317582747,1.7601291072913452,0.24001721902386738,True,A. thaliana,TF_Evolution,MYB124,Myb/SANT,R2R3-MYB
419,1.HSF1b-HS,5,500,425,27655,0.10219841550114887,-0.6199224991965013,-0.6140678503846635,0.24041147650916572,True,.,.,1.HSF1b-HS,.,.
420,M07115_2.00,6,500,254,27655,0.13354298674606951,0.38574625089019077,0.33728838824612456,0.24041147650916572,True,A. thaliana,OMalley2016,MYB4,Myb/SANT,R2R3-MYB
421,M06575_2.00,6,500,450,27655,0.11829940454044932,-0.43935025355468027,-0.40728534792254983,0.24041147650916572,True,A. thaliana,OMalley2016,ERF11,AP2,ERF
422,M06727_2.00,6,500,218,27655,0.10169561820882461,0.6062466128854302,0.6018196541687809,0.24041147650916572,True,A. thaliana,OMalley2016,BIM2,bHLH,.
423,M06573_2.00,9,500,527,27655,0.13204923566252263,-0.08226571325370191,-0.07233328900490667,0.24041147650916572,True,A. thaliana,OMalley2016,ERF087,AP2,ERF
424,M06911_2.00,8,500,329,27655,0.10242648210353328,0.4275246632059591,0.4230731665904186,0.24041147650916572,True,A. thaliana,OMalley2016,ATHB-7,Homeodomain,HD-ZIP
425,M06942_2.00,5,500,386,27655,0.1287942314382093,-0.4810605054395174,-0.4281936820069976,0.24041147650916572,True,A. thaliana,OMalley2016,HSFA6B,HSF,.
426,M01160_2.00,5,500,190,27655,0.1296260848265653,0.5415409234976151,0.4805133749775805,0.24041147650916572,True,C. sativa,TF_Evolution,PK23964.1,bZIP,.
427,M06978_2.00,10,500,503,27655,0.12199087259621845,0.13698194202303585,0.1251566556400162,0.24041147650916572,True,A. thaliana,OMalley2016,AT5G05550,Trihelix,MADF
428,M06616_2.00,5,500,384,27655,0.13015713261176692,-0.4735659688925933,-0.4193578326178254,0.24041147650916572,True,A. thaliana,OMalley2016,ERF4,AP2,ERF
429,M06900_2.00,9,500,455,27655,0.1294662540384448,0.12967070329745434,0.11512728038373729,0.24041147650916572,True,A. thaliana,OMalley2016,ATHB-13,Homeodomain,HD-ZIP
430,M07038_2.00,9,500,484,27655,0.13372114682340094,0.04053020110891836,0.035415285978058424,0.24041147650916572,True,A. thaliana,OMalley2016,AT1G74840,Myb/SANT,MYB-related
431,M06899_2.00,10,500,465,27655,0.11022697406550264,0.25030962583316935,0.23972456106398676,0.24041147650916572,True,A. thaliana,OMalley2016,ATHB-15,Homeodomain,HD-ZIP
432,M07200_2.00,8,500,380,27655,0.12982275698500795,0.21961282861025275,0.19471953269149964,0.24041147650916572,True,A. thaliana,OMalley2016,ANAC050,NAC/NAM,.
433,M06924_2.00,14,500,693,27655,0.09955791479541697,0.16011181686159084,0.1604199053179943,0.24041147650916572,True,A. thaliana,OMalley2016,HB-5,Homeodomain,HD-ZIP
434,M06658_2.00,5,500,404,27655,0.11644467233730094,-0.5468149509232318,-0.5106597524281995,0.24041147650916572,True,A. thaliana,OMalley2016,ERF115,AP2,ERF
435,M06645_2.00,15,500,877,27655,0.10234691860021378,-0.08007399989501418,-0.07926727262560862,0.24041147650916572,True,A. thaliana,OMalley2016,CRF4,AP2,ERF
436,M07234_2.00,10,500,586,27655,0.12523745979371215,-0.08336032259368513,-0.07521316396959508,0.24041147650916572,True,A. thaliana,OMalley2016,NAC92,NAC/NAM,.
437,M10908_2.00,7,500,315,27655,0.1314327496609877,0.2976153406115257,0.2622873301336129,0.24041147650916572,True,A. thaliana,Transfac,AGL3,MADS box,.
438,M06656_2.00,3,500,84,27655,0.1285573170020765,0.9821135148835966,0.8749680730735201,0.24041147650916572,True,A. thaliana,OMalley2016,DREB2A,AP2,DREB
439,M06581_2.00,10,500,582,27655,0.12574408094185807,-0.07347881107972092,-0.06616858411602973,0.24041147650916572,True,A. thaliana,OMalley2016,ERF014,AP2,DREB
440,M07080_2.00,6,500,439,27655,0.12463894727575836,-0.40364619187300155,-0.3650359109820548,0.24041147650916572,True,A. thaliana,OMalley2016,PHL12,Myb/SANT,G2-like
441,M07410_2.00,8,500,378,27655,0.12901941523386984,0.22722601272012788,0.202082302565104,0.24041147650916572,True,A. thaliana,OMalley2016,WRKY29,WRKY,.
442,M07243_2.00,7,500,504,27655,0.11473554348187029,-0.3804565645011117,-0.3577440772036879,0.24041147650916572,True,A. thaliana,OMalley2016,anac103,NAC/NAM,.
443,M06624_2.00,6,500,462,27655,0.11127969000160344,-0.4773181037537008,-0.45516295097080295,0.24041147650916572,True,A. thaliana,OMalley2016,ERF095,AP2,ERF
444,M06631_2.00,4,500,128,27655,0.11878897823750408,0.7894684369412006,0.7304350292323313,0.24041147650916572,True,A. thaliana,OMalley2016,ERF035,AP2,DREB
445,M06644_2.00,3,500,76,27655,0.10970400593169839,1.126503424218771,1.0811926554647955,0.24041147650916572,True,A. thaliana,OMalley2016,DREB1B,AP2,DREB
446,M07242_2.00,6,500,450,27655,0.11829940454044932,-0.43935025355468027,-0.40728534792254983,0.24041147650916572,True,A. thaliana,OMalley2016,NAC101,NAC/NAM,.
447,M07429_2.00,6,500,473,27655,0.10482424754827863,-0.5112654356770384,-0.5008040482954492,0.24041147650916572,True,A. thaliana,OMalley2016,WRKY8,WRKY,.
448,M06905_2.00,7,500,314,27655,0.13087184111812317,0.3022026101071777,0.2668913798131748,0.24041147650916572,True,A. thaliana,OMalley2016,WUS,Homeodomain,HD-WOX
449,M07407_2.00,9,500,436,27655,0.12421503576873713,0.19120911360658618,0.17320215427401106,0.24041147650916572,True,A. thaliana,OMalley2016,WRKY28,WRKY,.
450,M07048_2.00,5,500,189,27655,0.12853129941573238,0.5491541076074902,0.4892914234170783,0.24041147650916572,True,A. thaliana,OMalley2016,AtMYB70,Myb/SANT,R2R3-MYB
451,M07381_2.00,9,500,436,27655,0.12421503576873713,0.19120911360658618,0.17320215427401106,0.24041147650916572,True,A. thaliana,OMalley2016,WRKY3,WRKY,.
452,M06982_2.00,9,500,476,27655,0.13300035526994183,0.06457567507556906,0.056577796837502164,0.24041147650916572,True,A. thaliana,OMalley2016,AGL63,MADS box,.
453,M07428_2.00,9,500,545,27655,0.1288752843693282,-0.13071898128077586,-0.11631771861848543,0.24041147650916572,True,A. thaliana,OMalley2016,WRKY8,WRKY,.
454,M06783_2.00,5,500,173,27655,0.10992682078365873,0.6767683041918383,0.6489506446181321,0.24041147650916572,True,A. thaliana,OMalley2016,TGA10,bZIP,.
455,M07374_2.00,5,500,410,27655,0.11233590891924951,-0.5680835676768831,-0.5393847791271054,0.24041147650916572,True,A. thaliana,OMalley2016,WRKY71,WRKY,.
456,M07100_2.00,11,500,558,27655,0.11694984038202573,0.12477874374931008,0.11629383491792959,0.24041147650916572,True,A. thaliana,OMalley2016,RVE5,Myb/SANT,MYB-related
457,M06607_2.00,7,500,523,27655,0.10509967567808041,-0.4338437772481367,-0.4244721547502667,0.24041147650916572,True,A. thaliana,OMalley2016,AT2G33710,AP2,ERF
458,M06858_2.00,9,500,383,27655,0.1002618742342082,0.3781928564585555,0.37776329790648716,0.24041147650916572,True,A. thaliana,OMalley2016,DOF4.3,Dof,.
459,M06562_2.00,13,500,736,27655,0.11197622741487338,-0.0336538009747203,-0.03200053001489438,0.24041147650916572,True,A. thaliana,OMalley2016,ERF10,AP2,ERF
460,M06692_2.00,11,500,579,27655,0.12020129891057516,0.07148051758926106,0.06576856941989485,0.24041147650916572,True,A. thaliana,OMalley2016,RAV1,AP2,B3
461,M06976_2.00,11,500,563,27655,0.11788347452210979,0.11190894349826827,0.10391272183241973,0.24041147650916572,True,A. thaliana,OMalley2016,AT3G58630,Trihelix,MADF
462,M07072_2.00,8,500,354,27655,0.11753484751562134,0.32186288685820297,0.2992788468994301,0.24041147650916572,True,A. thaliana,OMalley2016,AT3G10580,Myb/SANT,MYB-related
463,M07116_2.00,6,500,251,27655,0.13123561291394067,0.40288738371158483,0.3553258415883096,0.24041147650916572,True,A. thaliana,OMalley2016,MYB3R5,Myb/SANT,c-myb
464,M06657_2.00,9,500,544,27655,0.12908489025186465,-0.12806940286682655,-0.11386965533404607,0.24041147650916572,True,A. thaliana,OMalley2016,ERF115,AP2,ERF
465,M06653_2.00,6,500,245,27655,0.12640264973610688,0.43779299865978605,0.3932448563564048,0.24041147650916572,True,A. thaliana,OMalley2016,ERF109,AP2,ERF
466,M07174_2.00,8,500,364,27655,0.12272022451728307,0.2816737967425042,0.2566284496731969,0.24041147650916572,True,A. thaliana,OMalley2016,NAC017,NAC/NAM,.
467,M07225_2.00,11,500,501,27655,0.09968464728706675,0.28023326238328916,0.28061766492159534,0.24041147650916572,True,A. thaliana,OMalley2016,ANAC076,NAC/NAM,.
468,M06664_2.00,13,500,686,27655,0.11081525006614895,0.06784338890948012,0.06481760559459733,0.24041147650916572,True,A. thaliana,OMalley2016,ERF086,AP2,ERF
469,M02695_2.00,7,500,310,27655,0.12855748715789567,0.3206989537245672,0.28571153973228114,0.24041147650916572,True,A. thaliana,JASPAR,AG,MADS box,.
470,M06925_2.00,9,500,435,27655,0.12388563875665888,0.19452184764742225,0.1764272377814404,0.24041147650916572,True,A. thaliana,OMalley2016,HB-5,Homeodomain,HD-ZIP
471,M07281_2.00,3,500,83,27655,0.12624155559168965,0.999391506315432,0.8982507498749356,0.24041147650916572,True,A. thaliana,OMalley2016,TCP9,TCP,.
472,M06985_2.00,8,500,532,27655,0.12207072189022314,-0.26581399855998894,-0.24279144600270114,0.24041147650916572,True,A. thaliana,OMalley2016,SVP,MADS box,.
473,M07365_2.00,10,500,555,27655,0.1275258973226722,-0.004947429408905248,-0.004424988838176414,0.24041147650916572,True,A. thaliana,OMalley2016,AT5G63260,C3H,.
474,M06740_2.00,6,500,252,27655,0.13201305348938286,0.39715101416244036,0.34924789933748845,0.24041147650916572,True,A. thaliana,OMalley2016,BIM1,bHLH,.
475,M07039_2.00,8,500,344,27655,0.11183000005533968,0.3632036822391025,0.34556711975455406,0.24041147650916572,True,A. thaliana,OMalley2016,ATMYB63,Myb/SANT,R2R3-MYB
476,M07079_2.00,7,500,316,27655,0.1319864808681877,0.2930426108217018,0.25772234625900003,0.24041147650916572,True,A. thaliana,OMalley2016,PHL12,Myb/SANT,G2-like
477,M10438_2.00,4,500,133,27655,0.12665880061840096,0.734186001440011,0.658832548647319,0.24041147650916572,True,Zea mays,Transfac,PBF,Dof,.
478,M06597_2.00,11,500,637,27655,0.12028478544303818,-0.0662495066778028,-0.06093558751406445,0.24041147650916572,True,A. thaliana,OMalley2016,DREB2D,AP2,DREB
479,M06979_2.00,10,500,513,27655,0.1240177510351944,0.10858151622150887,0.09843089788428382,0.24041147650916572,True,A. thaliana,OMalley2016,AT5G05550,Trihelix,MADF
480,M06723_2.00,5,500,187,27655,0.1263147364540878,0.564502071940926,0.507231067281085,0.24041147650916572,True,A. thaliana,OMalley2016,BHLH80,bHLH,.
481,M07126_2.00,5,500,166,27655,0.10129402993534799,0.7363571004816383,0.7322453931226731,0.24041147650916572,True,A. thaliana,OMalley2016,AtMYB40,Myb/SANT,R2R3-MYB
482,M07167_2.00,14,500,765,27655,0.10838459511560312,0.01750742141879047,0.016895229617147817,0.24041147650916572,True,A. thaliana,OMalley2016,NAC010,NAC/NAM,.
483,M07013_2.00,7,500,310,27655,0.12855748715789567,0.3206989537245672,0.28571153973228114,0.24041147650916572,True,A. thaliana,OMalley2016,AT1G19000,Myb/SANT,MYB-related
484,M06610_2.00,4,500,130,27655,0.12196488793127291,0.7671006239127459,0.7009498388713173,0.24041147650916572,True,A. thaliana,OMalley2016,DREB2E,AP2,DREB
485,M06722_2.00,5,500,187,27655,0.1263147364540878,0.564502071940926,0.507231067281085,0.24041147650916572,True,A. thaliana,OMalley2016,BHLH80,bHLH,.
486,M07398_2.00,4,500,348,27655,0.12049934845014769,-0.6534750589075279,-0.6005535781857085,0.24041147650916572,True,A. thaliana,OMalley2016,WRKY45,WRKY,.
487,M07001_2.00,7,500,290,27655,0.11541368267484922,0.4169142689838702,0.39095831271443715,0.24041147650916572,True,A. thaliana,OMalley2016,MYB60,Myb/SANT,R2R3-MYB
488,M07404_2.00,6,500,223,27655,0.10656572957268153,0.5735310377420519,0.5576915084232662,0.24041147650916572,True,A. thaliana,OMalley2016,WRKY42,WRKY,.
489,M01625_2.00,2,500,36,27655,0.11075786764649076,1.619543435498888,1.5476768661240066,0.24041147650916572,True,A. thaliana,Zoo_01,DREB1A,AP2,DREB
490,M07130_2.00,5,500,174,27655,0.11114053557930778,0.6684530359798345,0.6377894339181767,0.24041147650916572,True,A. thaliana,OMalley2016,MYB56,Myb/SANT,R2R3-MYB
491,M07141_2.00,6,500,227,27655,0.11038157744969376,0.5478824503714418,0.5243801581200831,0.24041147650916572,True,A. thaliana,OMalley2016,MYB49,Myb/SANT,R2R3-MYB
492,M07286_2.00,3,500,86,27655,0.1331440477012992,0.9481661829602588,0.8302884983354095,0.24041147650916572,True,A. thaliana,OMalley2016,TCP20,TCP,.
493,M07390_2.00,8,500,378,27655,0.12901941523386984,0.22722601272012788,0.202082302565104,0.24041147650916572,True,A. thaliana,OMalley2016,WRKY21,WRKY,.
494,M07320_2.00,9,500,442,27655,0.12608131410035206,0.17149087899208112,0.15423019740514074,0.24041147650916572,True,A. thaliana,OMalley2016,GT-2,Trihelix,.
495,M06638_2.00,8,500,499,27655,0.13328729954599564,-0.17342756839605994,-0.15178575561315671,0.24041147650916572,True,A. thaliana,OMalley2016,ERF091,AP2,ERF
496,M06621_2.00,6,500,473,27655,0.10482424754827863,-0.5112654356770384,-0.5008040482954492,0.24041147650916572,True,A. thaliana,OMalley2016,ERF7,AP2,ERF
497,M06663_2.00,8,500,545,27655,0.11685962646914831,-0.3006439827230881,-0.280301059819669,0.24041147650916572,True,A. thaliana,OMalley2016,ERF086,AP2,ERF
498,M07271_2.00,6,500,227,27655,0.11038157744969376,0.5478824503714418,0.5243801581200831,0.24041147650916572,True,A. thaliana,OMalley2016,STKL2,Storekeeper,.
499,M07211_2.00,11,500,591,27655,0.12127004671185776,0.041885735400965275,0.03837765658225945,0.24041147650916572,True,A. thaliana,OMalley2016,anac058,NAC/NAM,.
500,M01969_2.00,1,500,8,27655,0.12732779186852938,2.7894684369412004,2.496788461138436,0.24041147650916572,True,O. tauri,Zoo_01,estExt_gwp_GeneWisePlus.C_Chr_02.00010270,E2F,.
501,M06992_2.00,16,500,885,27655,0.10176755455532696,-6.520802915916527e-05,-6.471183918109596e-05,0.24041147650916572,True,A. thaliana,OMalley2016,AGL15,MADS box,.
502,M06595_2.00,9,500,580,27655,0.11945477984070967,-0.22051565163142176,-0.20349106441790757,0.24041147650916572,True,A. thaliana,OMalley2016,HRE1,AP2,ERF
503,M07240_2.00,4,500,341,27655,0.12625514573785843,-0.624159492082972,-0.5609639130280817,0.24041147650916572,True,A. thaliana,OMalley2016,NAC098,NAC/NAM,.
504,M01845_2.00,7,500,299,27655,0.12163562227412844,0.37282168480069955,0.34110918101292187,0.24041147650916572,True,O. tauri,Zoo_01,300010311,bZIP,.
505,M07397_2.00,8,500,556,27655,0.11220828787875624,-0.329472635782307,-0.31299078833895644,0.24041147650916572,True,A. thaliana,OMalley2016,WRKY45,WRKY,.
506,M07107_2.00,9,500,389,27655,0.10355873282439629,0.35576709339732066,0.3503641554472344,0.24041147650916572,True,A. thaliana,OMalley2016,MYB39,Myb/SANT,R2R3-MYB
507,M07219_2.00,7,500,475,27655,0.12855410555816382,-0.2949603442195055,-0.262784314559434,0.24041147650916572,True,A. thaliana,OMalley2016,anac071,NAC/NAM,.
508,M07175_2.00,10,500,613,27655,0.12037521396135527,-0.1483467318622185,-0.13639932042665068,0.24041147650916572,True,A. thaliana,OMalley2016,NAC017,NAC/NAM,.
509,M07088_2.00,4,500,136,27655,0.1312588950920046,0.7020055956908613,0.619078556290848,0.24041147650916572,True,A. thaliana,OMalley2016,MYB118,Myb/SANT,R2R3-MYB
510,M06606_2.00,8,500,497,27655,0.1338494424008956,-0.16763360462108573,-0.14640841320525091,0.24041147650916572,True,A. thaliana,OMalley2016,AT2G33710,AP2,ERF
511,M07146_2.00,4,500,350,27655,0.11886684248521694,-0.6617426748911283,-0.6120717889613011,0.24041147650916572,True,A. thaliana,OMalley2016,AT5G58900,Myb/SANT,MYB-related
512,M06661_2.00,13,500,701,27655,0.11195609403489523,0.036637521071669565,0.03484053352860721,0.24041147650916572,True,A. thaliana,OMalley2016,LEP,AP2,ERF
513,M06682_2.00,11,500,597,27655,0.12159150843635165,0.027312934313692527,0.024993977525779858,0.24041147650916572,True,A. thaliana,OMalley2016,ERF104,AP2,ERF
514,M09705_2.00,2,500,38,27655,0.11917483795801116,1.541540923497615,1.4240992909657113,0.24041147650916572,True,A. thaliana,Transfac,ANT,AP2,ANT
515,M06904_2.00,4,500,117,27655,0.10082629596491764,0.9191037173577961,0.9158190126414687,0.24041147650916572,True,A. thaliana,OMalley2016,HDG11,Homeodomain,HD-GL2
516,M06948_2.00,6,500,231,27655,0.11411519713238616,0.5226818962462992,0.49270949485680715,0.24041147650916572,True,A. thaliana,OMalley2016,HSFA1B,HSF,.
517,M07430_2.00,8,500,386,27655,0.13208298841637095,0.19701139967312015,0.1732031854361378,0.24041147650916572,True,A. thaliana,OMalley2016,WRKY27,WRKY,.
518,M06673_2.00,7,500,502,27655,0.11573192201469756,-0.37472019495196734,-0.35094301232434794,0.24041147650916572,True,A. thaliana,OMalley2016,ERF2,AP2,ERF
519,M07369_2.00,4,500,122,27655,0.10907616243141795,0.8587310993783142,0.8263313038198489,0.24041147650916572,True,A. thaliana,OMalley2016,AtGRF6,WRC,.
520,M07406_2.00,8,500,501,27655,0.13270985767898533,-0.17919835625400793,-0.1571743078055989,0.24041147650916572,True,A. thaliana,OMalley2016,WRKY28,WRKY,.
521,M07201_2.00,6,500,436,27655,0.1263417411748739,-0.3937533871145697,-0.3537689678987483,0.24041147650916572,True,A. thaliana,OMalley2016,ANAC050,NAC/NAM,.
522,M07014_2.00,6,500,227,27655,0.11038157744969376,0.5478824503714418,0.5243801581200831,0.24041147650916572,True,A. thaliana,OMalley2016,MYB116,Myb/SANT,R2R3-MYB
523,M07063_2.00,6,500,478,27655,0.10190080624316906,-0.5264358703183919,-0.5221308777244503,0.24041147650916572,True,A. thaliana,OMalley2016,MYR2,Myb/SANT,G2-like
524,M06637_2.00,7,500,529,27655,0.10202131151230212,-0.45030055311522116,-0.446387035044217,0.24041147650916572,True,A. thaliana,OMalley2016,ERF6,AP2,ERF
525,M06802_2.00,3,500,84,27655,0.1285573170020765,0.9821135148835966,0.8749680730735201,0.24041147650916572,True,A. thaliana,OMalley2016,STOP1,C2H2 ZF,.
526,M07163_2.00,13,500,716,27655,0.11240832900809458,0.006092377818036173,0.005782894212725855,0.24041147650916572,True,A. thaliana,OMalley2016,NAC005,NAC/NAM,.
527,M07023_2.00,7,500,313,27655,0.13030380677131706,0.30680451206618625,0.2715351539784709,0.24041147650916572,True,A. thaliana,OMalley2016,AT1G49010,Myb/SANT,MYB
528,M07055_2.00,10,500,669,27655,0.10416072448195746,-0.27446586881289814,-0.26960672728453666,0.24041147650916572,True,A. thaliana,OMalley2016,AT2G38090,Myb/SANT,MYB
529,M02471_2.00,2,500,37,27655,0.11497568729156295,1.580015071312251,1.4842566552409315,0.24041147650916572,True,A. thaliana,Zoo_01,SPL11,SBP,.
530,M07018_2.00,10,500,490,27655,0.11867403568287188,0.17475859282599243,0.1617642933278127,0.24041147650916572,True,A. thaliana,OMalley2016,KAN2,Myb/SANT,G2-like
531,M06686_2.00,12,500,693,27655,0.11540661774208588,-0.06228060447485697,-0.05840483803933019,0.24041147650916572,True,A. thaliana,OMalley2016,AT5G65130,AP2,DREB
532,M06748_2.00,4,500,135,27655,0.12973661557001778,0.7126528398903698,0.632078482333654,0.24041147650916572,True,A. thaliana,OMalley2016,TGA9,bZIP,.
533,M06586_2.00,8,500,544,27655,0.11727247151135735,-0.29799440430913876,-0.2773743602702391,0.24041147650916572,True,A. thaliana,OMalley2016,ERF8,AP2,ERF
534,M07237_2.00,9,500,546,27655,0.12866197457129738,-0.13336370253633986,-0.11876701699138356,0.24041147650916572,True,A. thaliana,OMalley2016,anac096,NAC/NAM,.
535,M07020_2.00,4,500,353,27655,0.11643015746664405,-0.6740559363299798,-0.6295241040977271,0.24041147650916572,True,A. thaliana,OMalley2016,AtMYB93,Myb/SANT,R2R3-MYB
536,M06662_2.00,11,500,574,27655,0.11958684813083924,0.08399312890280984,0.07746825542393362,0.24041147650916572,True,A. thaliana,OMalley2016,DREB2G,AP2,DREB
537,M06668_2.00,9,500,545,27655,0.1288752843693282,-0.13071898128077586,-0.11631771861848543,0.24041147650916572,True,A. thaliana,OMalley2016,ERF003,AP2,DREB
538,M09540_2.00,4,500,132,27655,0.12510404990583346,0.745074317582747,0.6725999186807115,0.24041147650916572,True,A. thaliana,HOMER,FHY3,FAR1,.
539,M06625_2.00,12,500,629,27655,0.1148279350696499,0.07751473078306759,0.07286016071883065,0.24041147650916572,True,A. thaliana,OMalley2016,ERF095,AP2,ERF
540,M06596_2.00,9,500,632,27655,0.10031080970831104,-0.34438730979359017,-0.3439231666015531,0.24041147650916572,True,A. thaliana,OMalley2016,HRE1,AP2,ERF
541,M06647_2.00,10,500,622,27655,0.1182544445566738,-0.16937423830203954,-0.157040834355464,0.24041147650916572,True,A. thaliana,OMalley2016,ERF054,AP2,DREB
542,M06640_2.00,3,500,84,27655,0.1285573170020765,0.9821135148835966,0.8749680730735201,0.24041147650916572,True,A. thaliana,OMalley2016,DREB1C,AP2,DREB
543,M07209_2.00,9,500,534,27655,0.13096984328359215,-0.10130249330404108,-0.08943274767566889,0.24041147650916572,True,A. thaliana,OMalley2016,anac057,NAC/NAM,.
544,M07379_2.00,12,500,569,27655,0.10162351254011837,0.22214609535577468,0.22059236071463723,0.24041147650916572,True,A. thaliana,OMalley2016,WRKY40,WRKY,.
545,M06988_2.00,12,500,654,27655,0.11668300257143581,0.021284112164274203,0.01985791497146366,0.24041147650916572,True,A. thaliana,OMalley2016,AGL16,MADS box,.
546,M06684_2.00,7,500,526,27655,0.10356129900460917,-0.4420956302934979,-0.43537688668233643,0.24041147650916572,True,A. thaliana,OMalley2016,ABR1,AP2,ERF
547,M02693_2.00,7,500,315,27655,0.1314327496609877,0.2976153406115257,0.2622873301336129,0.24041147650916572,True,A. thaliana,JASPAR,AGL3,MADS box,.
548,M10923_2.00,7,500,310,27655,0.12855748715789567,0.3206989537245672,0.28571153973228114,0.24041147650916572,True,A. thaliana,Transfac,AG,MADS box,.
549,M01153_2.00,2,500,38,27655,0.11917483795801116,1.541540923497615,1.4240992909657113,0.24041147650916572,True,C. sativa,TF_Evolution,PK00315.1,bZIP,.
550,M06996_2.00,13,500,774,27655,0.10817438245023034,-0.10628160106211768,-0.1026548025843424,0.24041147650916572,True,A. thaliana,OMalley2016,AT5G23930,mTERF,.
551,M00979_2.00,2,500,36,27655,0.11075786764649076,1.619543435498888,1.5476768661240066,0.24041147650916572,True,A. thaliana,Lindemose2014,NAC92,NAC/NAM,.
552,M06579_2.00,8,500,534,27655,0.12129255285504358,-0.2712274947463532,-0.24848937185227526,0.24041147650916572,True,A. thaliana,OMalley2016,RAP2-6,AP2,ERF
553,M00901_2.00,2,500,40,27655,0.12750226542854898,1.467540342053838,1.3126885651240758,0.24041147650916572,True,A. thaliana,Franco_Zorrilla2014,WRKY38,WRKY,.
554,M01624_2.00,2,500,39,27655,0.1233515537252738,1.5040662180789521,1.3669786678675475,0.24041147650916572,True,A. thaliana,Zoo_01,DREB1A,AP2,DREB
555,M06973_2.00,10,500,575,27655,0.12648566039916953,-0.05602161400317451,-0.050305096096381556,0.24041147650916572,True,A. thaliana,OMalley2016,ASIL2,Trihelix,MADF
556,M07194_2.00,13,500,648,27655,0.10481990005827502,0.15005815219766797,0.14699040215661938,0.24041147650916572,True,A. thaliana,OMalley2016,NAC045,NAC/NAM,.
557,M06563_2.00,4,500,371,27655,0.1022006453100975,-0.7458069396796028,-0.7387563508484656,0.24041147650916572,True,A. thaliana,OMalley2016,ERF10,AP2,ERF
558,M06977_2.00,11,500,592,27655,0.12133341118459123,0.03944668994954784,0.036133940849657806,0.24041147650916572,True,A. thaliana,OMalley2016,AT3G58630,Trihelix,MADF
559,M06906_2.00,7,500,314,27655,0.13087184111812317,0.3022026101071777,0.2668913798131748,0.24041147650916572,True,A. thaliana,OMalley2016,WUS,Homeodomain,HD-WOX
560,M07109_2.00,5,500,172,27655,0.10870769389767061,0.6851317771264649,0.6602887051270839,0.24041147650916572,True,A. thaliana,OMalley2016,AtMYB41,Myb/SANT,R2R3-MYB
561,M07203_2.00,12,500,774,27655,0.09981554810062475,-0.22175881848205353,-0.22193662561630437,0.24041147650916572,True,A. thaliana,OMalley2016,NAC053,NAC/NAM,.
562,M07425_2.00,6,500,243,27655,0.12473010410608329,0.44961843405657576,0.40646797525776335,0.24041147650916572,True,A. thaliana,OMalley2016,WRKY50,WRKY,.
563,M07012_2.00,7,500,318,27655,0.13307221285166615,0.28394040371444906,0.24870698328137728,0.24041147650916572,True,A. thaliana,OMalley2016,AT1G19000,Myb/SANT,MYB-related
564,M07010_2.00,7,500,314,27655,0.13087184111812317,0.3022026101071777,0.2668913798131748,0.24041147650916572,True,A. thaliana,OMalley2016,MYB51,Myb/SANT,R2R3-MYB
565,M06693_2.00,10,500,495,27655,0.12003991642680968,0.16011181686159115,0.14741083740979327,0.24041147650916572,True,A. thaliana,OMalley2016,RAV1,AP2,B3
566,M07064_2.00,10,500,470,27655,0.11212372967916687,0.23487958526356323,0.22320664869385004,0.24041147650916572,True,A. thaliana,OMalley2016,MYR2,Myb/SANT,G2-like
567,M06667_2.00,14,500,827,27655,0.10496202234190229,-0.09492016017247006,-0.09292378134562027,0.24041147650916572,True,A. thaliana,OMalley2016,ERF003,AP2,DREB
568,M06859_2.00,11,500,529,27655,0.10962026033711839,0.20177614346447179,0.19372712580035245,0.24041147650916572,True,A. thaliana,OMalley2016,DOF4.5,Dof,.
569,M07183_2.00,1,500,173,27655,0.13513836264672138,-1.6451597906955242,-1.4300080098667516,0.24230071337710393,True,A. thaliana,OMalley2016,NAC031,NAC/NAM,.
570,M06800_2.00,5,500,207,27655,0.14667820199525314,0.4179095743292377,0.3483838065820015,0.24259894866965756,True,A. thaliana,OMalley2016,ZAT10,C2H2 ZF,.
571,M07248_2.00,8,500,451,27655,0.1417662251693046,-0.02751518631418032,-0.023344633156441127,0.24259894866965756,True,A. thaliana,OMalley2016,NLP4,RWP-RK,.
572,M10909_2.00,6,500,414,27655,0.13827778866030713,-0.31905601983696846,-0.2741481111156809,0.24259894866965756,True,A. thaliana,Transfac,AGL3,MADS box,.
573,M06617_2.00,6,500,404,27655,0.14325475582952163,-0.2837805450894381,-0.23947983413801793,0.24259894866965756,True,A. thaliana,OMalley2016,ERF4,AP2,ERF
574,M06944_2.00,7,500,392,27655,0.15132972695390565,-0.017886485116403474,-0.0146682727240263,0.24259894866965756,True,A. thaliana,OMalley2016,HSFC1,HSF,.
575,M02377_2.00,2,500,46,27655,0.15168368708406182,1.2659064808841876,1.0368547840618971,0.24259894866965756,True,A. lyrata,Zoo_01,ANAC100,NAC/NAM,.
576,M06852_2.00,7,500,455,27655,0.1368959233127826,-0.23289937608725386,-0.20113411017672744,0.24259894866965756,True,A. thaliana,OMalley2016,AT3G52440,Dof,.
577,M07421_2.00,6,500,404,27655,0.14325475582952163,-0.2837805450894381,-0.23947983413801793,0.24259894866965756,True,A. thaliana,OMalley2016,WRKY75,WRKY,.
578,M01619_2.00,2,500,228,27655,0.13658827149824976,-1.0434215772235413,-0.9021283042829951,0.24259894866965756,True,A. thaliana,Zoo_01,ERF1B,AP2,ERF
579,M07084_2.00,7,500,436,27655,0.14345320587064556,-0.1713609657781219,-0.14450694457909205,0.24259894866965756,True,A. thaliana,OMalley2016,MYB15,Myb/SANT,R2R3-MYB
580,M06956_2.00,4,500,321,27655,0.14285283227350784,-0.5369610501811024,-0.45379176775143276,0.24259894866965756,True,A. thaliana,OMalley2016,LBD13,LOB,.
581,M07415_2.00,7,500,353,27655,0.147096018012576,0.13329898572762416,0.11095795358513817,0.24259894866965756,True,A. thaliana,OMalley2016,WRKY11,WRKY,.
582,M06665_2.00,7,500,339,27655,0.14264563540126396,0.1916818958624608,0.1621133364538378,0.24259894866965756,True,A. thaliana,OMalley2016,RAP2-11,AP2,ERF
583,M02379_2.00,2,500,46,27655,0.15168368708406182,1.2659064808841876,1.0368547840618971,0.24259894866965756,True,P. patens,Zoo_01,e_gw1.159.34.1,NAC/NAM,.
584,M07216_2.00,7,500,334,27655,0.140676726105977,0.21311906652475243,0.1815300783996826,0.24259894866965756,True,A. thaliana,OMalley2016,NAC69,NAC/NAM,.
585,1.PIF5,3,500,91,27655,0.14430877785414065,0.8666362974636603,0.7285874195351776,0.24259894866965756,True,.,.,1.PIF5,.,.
586,M07059_2.00,4,500,147,27655,0.14716157256873844,0.5897960921048361,0.4908315988792624,0.24259894866965756,True,A. thaliana,OMalley2016,MYB57,Myb/SANT,R2R3-MYB
587,M07184_2.00,8,500,464,27655,0.1406055442008566,-0.0685125581863714,-0.058372532017966695,0.24259894866965756,True,A. thaliana,OMalley2016,SMB,NAC/NAM,.
588,M07401_2.00,7,500,382,27655,0.15135122955374153,0.019394530963055878,0.015903787816004388,0.24259894866965756,True,A. thaliana,OMalley2016,WRKY22,WRKY,.
589,M07074_2.00,7,500,412,27655,0.14920480694617583,-0.08967716818441361,-0.0740928174497518,0.24259894866965756,True,A. thaliana,OMalley2016,AT3G11280,Myb/SANT,MYB-related
590,M00973_2.00,2,500,46,27655,0.15168368708406182,1.2659064808841876,1.0368547840618971,0.24259894866965756,True,A. thaliana,Lindemose2014,NAC029,NAC/NAM,.
591,M06601_2.00,8,500,406,27655,0.13795168082923895,0.12413251975602435,0.10678785561828635,0.24259894866965756,True,A. thaliana,OMalley2016,ERF013,AP2,DREB
592,M06946_2.00,7,500,370,27655,0.15038909265566752,0.06544189848249261,0.053844524809248166,0.24259894866965756,True,A. thaliana,OMalley2016,HSFB2B,HSF,.
593,M06690_2.00,4,500,327,27655,0.13787550342176055,-0.5636783885568819,-0.4850525185019612,0.24259894866965756,True,A. thaliana,OMalley2016,ERF010,AP2,DREB
594,M07254_2.00,4,500,324,27655,0.14036682374322634,-0.5503815659434242,-0.4693299148535945,0.24259894866965756,True,A. thaliana,OMalley2016,SPL11,SBP,.
595,M07386_2.00,4,500,325,27655,0.13953683843814885,-0.5548274709746164,-0.47455010632240135,0.24259894866965756,True,A. thaliana,OMalley2016,WRKY17,WRKY,.
596,M07206_2.00,7,500,394,27655,0.15123904029880136,-0.025228460457571617,-0.020695816536739655,0.24259894866965756,True,A. thaliana,OMalley2016,NAC054,NAC/NAM,.
597,M06893_2.00,4,500,142,27655,0.1401364312228339,0.6397213174365184,0.5459694845090569,0.24259894866965756,True,A. thaliana,OMalley2016,GATA19,GATA,.
598,M07053_2.00,8,500,407,27655,0.13817687282592636,0.12058345267495368,0.10364927213100442,0.24259894866965756,True,A. thaliana,OMalley2016,ASR3,Trihelix,.
599,M07208_2.00,6,500,266,27655,0.14198726559714067,0.3191485021611671,0.2705583356042974,0.24259894866965756,True,A. thaliana,OMalley2016,anac057,NAC/NAM,.
600,M07119_2.00,8,500,470,27655,0.13976361674207002,-0.08704850962379916,-0.07439216724667709,0.24259894866965756,True,A. thaliana,OMalley2016,AT5G05790,Myb/SANT,MYB
601,M07389_2.00,7,500,361,27655,0.14893233992680738,0.10096833211163377,0.08350192000464936,0.24259894866965756,True,A. thaliana,OMalley2016,WRKY21,WRKY,.
602,M06860_2.00,8,500,441,27655,0.1420032370260608,0.0048335913836800555,0.004097443901658146,0.24259894866965756,True,A. thaliana,OMalley2016,DOF4.5,Dof,.
603,M06628_2.00,6,500,401,27655,0.1446767216515878,-0.2730274887925636,-0.2292342456746487,0.24259894866965756,True,A. thaliana,OMalley2016,ERF011,AP2,DREB
604,M07135_2.00,7,500,354,27655,0.14735363572283533,0.12921780891580728,0.10746258801411318,0.24259894866965756,True,A. thaliana,OMalley2016,PHL11,Myb/SANT,G2-like
605,M07400_2.00,8,500,417,27655,0.1400703486838558,0.085564863496537,0.0730427700350197,0.24259894866965756,True,A. thaliana,OMalley2016,WRKY22,WRKY,.
606,M07040_2.00,8,500,468,27655,0.14006491090647316,-0.080896282642204,-0.06905878223762701,0.24259894866965756,True,A. thaliana,OMalley2016,PHL7,Myb/SANT,G2-like
607,M07162_2.00,8,500,397,27655,0.13563144078648032,0.15647323979824274,0.13576238306908672,0.24259894866965756,True,A. thaliana,OMalley2016,NAC004,NAC/NAM,.
608,M06685_2.00,7,500,354,27655,0.14735363572283533,0.12921780891580728,0.10746258801411318,0.24259894866965756,True,A. thaliana,OMalley2016,ABR1,AP2,ERF
609,M07137_2.00,7,500,364,27655,0.14948911866501102,0.08902871880010822,0.07348345147325316,0.24259894866965756,True,A. thaliana,OMalley2016,KUA1,Myb/SANT,MYB-related
610,M11071_2.00,5,500,204,27655,0.14389993944624255,0.4389711898570671,0.36958713529629994,0.24259894866965756,True,Petunia x hybrida,Transfac,myb.Ph3,Myb/SANT,R2R3-MYB
611,M07102_2.00,5,500,208,27655,0.1475806031635334,0.41095681368747083,0.3414930789565226,0.24259894866965756,True,A. thaliana,OMalley2016,MYB55,Myb/SANT,R2R3-MYB
612,M07347_2.00,3,500,92,27655,0.14648341326273034,0.8508689816053437,0.7098047310869618,0.24259894866965756,True,A. thaliana,OMalley2016,BEH2,BES1,.
613,M07418_2.00,6,500,259,27655,0.13721800632257222,0.3576226499758027,0.3084813264500893,0.24259894866965756,True,A. thaliana,OMalley2016,WRKY26,WRKY,.
614,M02375_2.00,2,500,46,27655,0.15168368708406182,1.2659064808841876,1.0368547840618971,0.24259894866965756,True,A. thaliana,Zoo_01,NAC100,NAC/NAM,.
615,M07267_2.00,7,500,417,27655,0.14827374643231422,-0.10708021444585888,-0.08876261669230699,0.24259894866965756,True,A. thaliana,OMalley2016,CRC,YABBY,.
616,M06739_2.00,5,500,196,27655,0.13599384530388348,0.4966866877133548,0.4303694517591115,0.24259894866965756,True,A. thaliana,OMalley2016,BIM1,bHLH,.
617,M06725_2.00,4,500,148,27655,0.14852219832994956,0.5800150713122508,0.48037348831648025,0.24259894866965756,True,A. thaliana,OMalley2016,BHLH122,bHLH,.
618,M00969_2.00,2,500,46,27655,0.15168368708406182,1.2659064808841876,1.0368547840618971,0.24259894866965756,True,A. thaliana,Lindemose2014,NAC001,NAC/NAM,.
619,M06922_2.00,7,500,364,27655,0.14948911866501102,0.08902871880010822,0.07348345147325316,0.24259894866965756,True,A. thaliana,OMalley2016,HAT1,Homeodomain,HD-ZIP
620,M06940_2.00,6,500,398,27655,0.14606223102425242,-0.2621936828812923,-0.2190528770468641,0.24259894866965756,True,A. thaliana,OMalley2016,HSFA1E,HSF,.
621,M06935_2.00,6,500,265,27655,0.14133360709447312,0.32458238821179525,0.2758153634737643,0.24259894866965756,True,A. thaliana,OMalley2016,ATHB-53,Homeodomain,HD-ZIP
622,M01057_2.00,7,500,345,27655,0.14474556012921258,0.16637080733327322,0.13965078202609935,0.24259894866965756,True,A. thaliana,Stam_Arabidopsis,ABF4,bZIP,.
623,M07303_2.00,7,500,338,27655,0.14226770824389723,0.19594392271662028,0.16594366672204144,0.24259894866965756,True,A. thaliana,OMalley2016,AT1G10720,Unknown,.
624,M07413_2.00,7,500,384,27655,0.1514055460575453,0.01186085827764849,0.009724222109284184,0.24259894866965756,True,A. thaliana,OMalley2016,WRKY7,WRKY,.
625,M07097_2.00,7,500,340,27655,0.1430156014817141,0.187432422861103,0.1583085325477833,0.24259894866965756,True,A. thaliana,OMalley2016,MYB27,Myb/SANT,R2R3-MYB
626,M07244_2.00,5,500,373,27655,0.1375654551977538,-0.43163528842667487,-0.37184974811231003,0.24259894866965756,True,A. thaliana,OMalley2016,anac103,NAC/NAM,.
627,M06870_2.00,5,500,205,27655,0.14483774497017024,0.4319164323231169,0.36242895888756194,0.24259894866965756,True,A. thaliana,OMalley2016,E2FC,E2F,.
628,M07411_2.00,6,500,397,27655,0.14651560776768063,-0.25856425948060097,-0.21567261405866436,0.24259894866965756,True,A. thaliana,OMalley2016,WRKY29,WRKY,.
629,M02376_2.00,2,500,46,27655,0.15168368708406182,1.2659064808841876,1.0368547840618971,0.24259894866965756,True,A. lyrata,Zoo_01,ANAC080,NAC/NAM,.
630,M06953_2.00,3,500,89,27655,0.13989884868744012,0.8986975066959589,0.7676547022472879,0.24259894866965756,True,A. thaliana,OMalley2016,LBD2,LOB,.
631,M07394_2.00,7,500,328,27655,0.13805475939930828,0.23927135438072095,0.20576107018825202,0.24259894866965756,True,A. thaliana,OMalley2016,WRKY43,WRKY,.
632,M06984_2.00,7,500,401,27655,0.15070314848546204,-0.05063506745611567,-0.04161583148006425,0.24259894866965756,True,A. thaliana,OMalley2016,SVP,MADS box,.
633,M07385_2.00,7,500,373,27655,0.15073334518568016,0.05379153874356665,0.04420538426426292,0.24259894866965756,True,A. thaliana,OMalley2016,WRKY17,WRKY,.
634,M06598_2.00,7,500,359,27655,0.14852131183681044,0.10898332517575328,0.09026121308029346,0.24259894866965756,True,A. thaliana,OMalley2016,DREB2D,AP2,DREB
635,M07147_2.00,8,500,449,27655,0.1418605220142029,-0.021103197799946488,-0.01789843339570501,0.24259894866965756,True,A. thaliana,OMalley2016,AT5G58900,Myb/SANT,MYB-related
636,M06921_2.00,6,500,281,27655,0.15063386159884504,0.24000461744143073,0.19730236957496022,0.24259894866965756,True,A. thaliana,OMalley2016,PDF2,Homeodomain,HD-ZIP
637,M07134_2.00,7,500,348,27655,0.1456872927288647,0.15387986315007626,0.1287325584747886,0.24259894866965756,True,A. thaliana,OMalley2016,PHL11,Myb/SANT,G2-like
638,M07082_2.00,5,500,208,27655,0.1475806031635334,0.41095681368747083,0.3414930789565226,0.24259894866965756,True,A. thaliana,OMalley2016,AtMYB10,Myb/SANT,R2R3-MYB
639,M06945_2.00,6,500,383,27655,0.15236970924637966,-0.2067696442626005,-0.168951757776981,0.24292912636613279,True,A. thaliana,OMalley2016,HSFB2B,HSF,.
640,M07422_2.00,5,500,215,27655,0.15355402703769255,0.3632036822391025,0.29555292471378103,0.24292912636613279,True,A. thaliana,OMalley2016,WRKY30,WRKY,.
641,M07006_2.00,6,500,381,27655,0.15312373637458973,-0.19921624983096525,-0.16235277337791362,0.24292912636613279,True,A. thaliana,OMalley2016,MYB58,Myb/SANT,R2R3-MYB
642,M07344_2.00,3,500,95,27655,0.15287731217689565,0.804575329331409,0.6562574683918226,0.24292912636613279,True,A. thaliana,OMalley2016,BEH3,BES1,.
643,M06939_2.00,4,500,308,27655,0.15349323065646153,-0.47731810375370104,-0.38849434678232314,0.24292912636613279,True,A. thaliana,OMalley2016,HSFA1E,HSF,.
644,M01786_2.00,1,500,10,27655,0.15346614635888,2.467540342053838,2.0085467774795585,0.24292912636613279,True,A. thaliana,Zoo_01,TGA4,bZIP,.
645,M07408_2.00,6,500,285,27655,0.15256178433739997,0.21961282861025275,0.17932578646900268,0.24292912636613279,True,A. thaliana,OMalley2016,WRKY31,WRKY,.
646,M07090_2.00,1,500,159,27655,0.1605138183076964,-1.5234145183431549,-1.2103339050611421,0.24401700490303735,True,A. thaliana,OMalley2016,MYB30,Myb/SANT,R2R3-MYB
647,M10076_2.00,6,500,298,27655,0.157699078105992,0.15526241720019518,0.12454698448116656,0.24401700490303735,True,Antirrhinum majus,Transfac,O22676_ANTMA,bZIP,.
648,2.MYB3-MEME,6,500,364,27655,0.1585623335466663,-0.1333637025363397,-0.10666428546656088,0.24401700490303735,True,.,.,2.MYB3-MEME,.,.
649,M07417_2.00,6,500,357,27655,0.16024009576998025,-0.10534932636674293,-0.08377681882479793,0.24401700490303735,True,A. thaliana,OMalley2016,WRKY18,WRKY,.
650,M06688_2.00,2,500,47,27655,0.15556757473495456,1.2348795852635632,0.9978826298589863,0.24401700490303735,True,A. thaliana,OMalley2016,AIL7,AP2,ANT
651,M01133_2.00,5,500,224,27655,0.1603127731187916,0.30404160977095857,0.24172277058234556,0.24401700490303735,True,A. thaliana,TF_Evolution,DPBF3,bZIP,.
652,M07113_2.00,5,500,224,27655,0.1603127731187916,0.30404160977095857,0.24172277058234556,0.24401700490303735,True,A. thaliana,OMalley2016,HHO5,Myb/SANT,G2-like
653,M07308_2.00,6,500,353,27655,0.16103606406423437,-0.08909343560882363,-0.0706579415110966,0.24401700490303735,True,A. thaliana,OMalley2016,AT1G23810,Unknown,.
654,2.HSF6A-MEME,6,500,357,27655,0.16024009576998025,-0.10534932636674293,-0.08377681882479793,0.24401700490303735,True,.,.,2.HSF6A-MEME,.,.
655,M06630_2.00,6,500,341,27655,0.1626606609695927,-0.03919699136181568,-0.03091535175196595,0.24401700490303735,True,A. thaliana,OMalley2016,DREB2F,AP2,DREB
656,M07131_2.00,4,500,158,27655,0.16123740562984087,0.48568768876409757,0.3849241030987712,0.24401700490303735,True,A. thaliana,OMalley2016,MYB56,Myb/SANT,R2R3-MYB
657,M06594_2.00,5,500,331,27655,0.16268182064455528,-0.2592908749786548,-0.20449259449166085,0.24401700490303735,True,A. thaliana,OMalley2016,ERF021,AP2,DREB
658,M02563_2.00,2,500,48,27655,0.15940320832511223,1.2045059362200443,0.9605970275044319,0.24401700490303735,True,A. thaliana,Zoo_01,WRKY30,WRKY,.
659,M07345_2.00,6,500,324,27655,0.16282421962471258,0.03458093477773188,0.027259493661219093,0.24401700490303735,True,A. thaliana,OMalley2016,AT4G26030,Unknown,.
660,M06947_2.00,6,500,336,27655,0.16297942735938445,-0.017886485116403474,-0.014092175169296542,0.24401700490303735,True,A. thaliana,OMalley2016,HSFA4A,HSF,.
661,M07431_2.00,6,500,368,27655,0.15744913775126426,-0.14913101839465626,-0.11973128668372146,0.24401700490303735,True,A. thaliana,OMalley2016,WRKY27,WRKY,.
662,M07220_2.00,6,500,369,27655,0.15715405118914813,-0.15304606839803944,-0.12299921010920006,0.24401700490303735,True,A. thaliana,OMalley2016,anac071,NAC/NAM,.
663,M07182_2.00,4,500,306,27655,0.15510075763714487,-0.4679194057514512,-0.37872745392187324,0.24401700490303735,True,A. thaliana,OMalley2016,NAC031,NAC/NAM,.
664,M06750_2.00,4,500,153,27655,0.15508827429282943,0.5320805942485488,0.4306772260995194,0.24401700490303735,True,A. thaliana,OMalley2016,TGA3,bZIP,.
665,M06951_2.00,6,500,310,27655,0.16090573404785222,0.09830653238811905,0.07799920247604392,0.24401700490303735,True,A. thaliana,OMalley2016,HSFA6A,HSF,.
666,M07019_2.00,5,500,222,27655,0.1589029846152353,0.316980665478457,0.25322569300206327,0.24401700490303735,True,A. thaliana,OMalley2016,KAN2,Myb/SANT,G2-like
667,M06950_2.00,6,500,353,27655,0.16103606406423437,-0.08909343560882363,-0.0706579415110966,0.24401700490303735,True,A. thaliana,OMalley2016,HSFA6A,HSF,.
668,M06587_2.00,5,500,344,27655,0.1556866575083859,-0.3148682228735351,-0.2543343678727332,0.24401700490303735,True,A. thaliana,OMalley2016,ERF8,AP2,ERF
669,M07124_2.00,5,500,225,27655,0.16099760933598728,0.2976153406115257,0.2360627063365636,0.24401700490303735,True,A. thaliana,OMalley2016,MYB92,Myb/SANT,R2R3-MYB
670,M07035_2.00,2,500,213,27655,0.15685712336281776,-0.9452411832846377,-0.7604425183399274,0.24401700490303735,True,A. thaliana,OMalley2016,ATY13,Myb/SANT,R2R3-MYB
671,M06655_2.00,5,500,337,27655,0.1595662854948622,-0.2852082493532955,-0.22732776342655342,0.24401700490303735,True,A. thaliana,OMalley2016,DREB2A,AP2,DREB
672,M07193_2.00,1,500,160,27655,0.1585919983875476,-1.532459657946162,-1.225536688964239,0.24401700490303735,True,A. thaliana,OMalley2016,NAC043,NAC/NAM,.
673,M07252_2.00,6,500,359,27655,0.15979698048187174,-0.11340909616069465,-0.09032256878425236,0.24401700490303735,True,A. thaliana,OMalley2016,S1FA3,S1FA,.
674,M01060_2.00,3,500,99,27655,0.1610745016509956,0.745074317582747,0.5908239685671008,0.24401700490303735,True,A. thaliana,Stam_Arabidopsis,IDD9,C2H2 ZF,.
675,M06622_2.00,2,500,48,27655,0.15940320832511223,1.2045059362200443,0.9605970275044319,0.24401700490303735,True,A. thaliana,OMalley2016,PLT1,AP2,ANT
676,M07311_2.00,1,500,161,27655,0.1566869621187885,-1.5414484411734162,-1.240815342468202,0.24401700490303735,True,A. thaliana,OMalley2016,WIP5,C2H2 ZF,.
677,M07247_2.00,6,500,348,27655,0.16185579865368693,-0.06851255818637175,-0.054184645894204624,0.24401700490303735,True,A. thaliana,OMalley2016,AT2G01818,PLATZ,.
678,M07103_2.00,6,500,295,27655,0.15666742013119234,0.16985979341315313,0.13674075308971126,0.24401700490303735,True,A. thaliana,OMalley2016,MYB55,Myb/SANT,R2R3-MYB
679,M07098_2.00,6,500,336,27655,0.16297942735938445,-0.017886485116403474,-0.014092175169296542,0.24401700490303735,True,A. thaliana,OMalley2016,MYB27,Myb/SANT,R2R3-MYB
680,M07231_2.00,6,500,331,27655,0.16307594358979893,0.0037435308551389537,0.002948442710735108,0.24401700490303735,True,A. thaliana,OMalley2016,NAC083,NAC/NAM,.
681,M07426_2.00,4,500,298,27655,0.16141408919076486,-0.42970008352096123,-0.3403476294412433,0.24401700490303735,True,A. thaliana,OMalley2016,WRKY24,WRKY,.
682,M06885_2.00,4,500,159,27655,0.16241486031371236,0.476585481656845,0.3762043009763611,0.24401700490303735,True,A. thaliana,OMalley2016,GATA20,GATA,.
683,M08404_2.00,4,500,160,27655,0.16357442120262627,0.4675403420538381,0.3676197744588479,0.24440505624135098,True,A. thaliana,JASPAR,PIF1,bHLH,.
684,M07153_2.00,4,500,294,27655,0.16448565699312745,-0.410203907895164,-0.32154734381066785,0.24539310216134586,True,A. thaliana,OMalley2016,MYB96,Myb/SANT,R2R3-MYB
685,M06592_2.00,4,500,161,27655,0.16471591788912257,0.4585515588265837,0.3591671250112945,0.24539310216134586,True,A. thaliana,OMalley2016,ERF118,AP2,ERF
686,M07151_2.00,3,500,101,27655,0.1650217558883482,0.7162194549105618,0.5604122124709162,0.24549087993870722,True,A. thaliana,OMalley2016,MYB99,Myb/SANT,R2R3-MYB
687,M07068_2.00,1,500,152,27655,0.1744330620817517,-1.458459076502385,-1.1060533531836954,0.24679542656538234,True,A. thaliana,OMalley2016,MYB1,Myb/SANT,R2R3-MYB
688,M06789_2.00,4,500,166,27655,0.1701470432732355,0.4144290055942758,0.3187686763192442,0.24679542656538234,True,A. thaliana,OMalley2016,TGA4,bZIP,.
689,M07027_2.00,5,500,236,27655,0.16763523042408146,0.22875348246672172,0.1774291397207271,0.24679542656538234,True,A. thaliana,OMalley2016,MYB62,Myb/SANT,R2R3-MYB
690,M06937_2.00,5,500,313,27655,0.17061814199289385,-0.17862231510405563,-0.13717743524550513,0.24679542656538234,True,A. thaliana,OMalley2016,HSFB3,HSF,.
691,M06907_2.00,5,500,259,27655,0.17616028662521976,0.09458824414200903,0.07132823742061287,0.24679542656538234,True,A. thaliana,OMalley2016,ATHB-21,Homeodomain,HD-ZIP
692,M06600_2.00,3,500,105,27655,0.1725928147544812,0.660185419996234,0.5037064816188049,0.24679542656538234,True,A. thaliana,OMalley2016,ERF037,AP2,DREB
693,M06929_2.00,3,500,247,27655,0.17107064035572123,-0.5739362939223208,-0.44010842249751236,0.24679542656538234,True,A. thaliana,OMalley2016,HAT2,Homeodomain,HD-ZIP
694,M07125_2.00,3,500,241,27655,0.17728926248411755,-0.5384583985676049,-0.40455325374198486,0.24679542656538234,True,A. thaliana,OMalley2016,MYB3R4,Myb/SANT,c-myb
695,M07054_2.00,2,500,206,27655,0.1667544781956098,-0.8970320902420178,-0.6978214410775543,0.24679542656538234,True,A. thaliana,OMalley2016,ASR3,Trihelix,.
696,M07025_2.00,5,500,237,27655,0.16815648753471665,0.22265328293030393,0.1723974028313818,0.24679542656538234,True,A. thaliana,OMalley2016,HHO6,Myb/SANT,G2-like
697,M06649_2.00,5,500,312,27655,0.17098807007780706,-0.17400568703368538,-0.13346831112080754,0.24679542656538234,True,A. thaliana,OMalley2016,ERF015,AP2,DREB
698,M07156_2.00,5,500,271,27655,0.1778126298994401,0.02924749047469129,0.021936711555826667,0.24679542656538234,True,A. thaliana,OMalley2016,MYB44,Myb/SANT,R2R3-MYB
699,M02684_2.00,3,500,106,27655,0.17441554183460978,0.6465104830991574,0.49032313071760175,0.24679542656538234,True,A. thaliana,JASPAR,ATHB-5,Homeodomain,HD-ZIP
700,M07375_2.00,5,500,270,27655,0.17774479592149936,0.03458093477773188,0.025942724673383384,0.24679542656538234,True,A. thaliana,OMalley2016,WRKY14,WRKY,.
701,M06751_2.00,4,500,169,27655,0.17317980114361564,0.38858900065901614,0.29591159782002313,0.24679542656538234,True,A. thaliana,OMalley2016,TGA3,bZIP,.
702,M07309_2.00,5,500,289,27655,0.17699843116594935,-0.06352915067211604,-0.04777586421814651,0.24679542656538234,True,A. thaliana,OMalley2016,AT1G24250,Unknown,.
703,M01225_2.00,2,500,51,27655,0.1706004307091391,1.1170430949697048,0.857911300087904,0.24679542656538234,True,P. patens,TF_Evolution,estExt_gwp_gw1.C_220046,E2F,.
704,M06981_2.00,5,500,293,27655,0.1763249904780114,-0.08336032259368513,-0.06282751900924001,0.24679542656538234,True,A. thaliana,OMalley2016,AT5G47660,Trihelix,MADF
705,M07351_2.00,3,500,246,27655,0.1721137515068692,-0.5680835676768831,-0.43412061685798475,0.24679542656538234,True,A. thaliana,OMalley2016,GT-3A,Trihelix,.
706,M07368_2.00,5,500,305,27655,0.17334079853597517,-0.14126890062168584,-0.10751964824905164,0.24679542656538234,True,A. thaliana,OMalley2016,ERF122,AP2,ERF
707,M07399_2.00,5,500,247,27655,0.17261223070125542,0.16302930024388534,0.12437968888389457,0.24679542656538234,True,A. thaliana,OMalley2016,WRKY70,WRKY,.
708,M06615_2.00,3,500,105,27655,0.1725928147544812,0.660185419996234,0.5037064816188049,0.24679542656538234,True,A. thaliana,OMalley2016,ERF034,AP2,DREB
709,M07251_2.00,4,500,170,27655,0.17415237934973143,0.38007750080349867,0.28850565188163463,0.24679542656538234,True,A. thaliana,OMalley2016,NLP7,RWP-RK,.
710,M07310_2.00,1,500,151,27655,0.17648745551054817,-1.4489363023838784,-1.0914636607616799,0.24679542656538234,True,A. thaliana,OMalley2016,WIP5,C2H2 ZF,.
711,M07383_2.00,5,500,298,27655,0.17525164277705982,-0.10777198863359883,-0.08151203981464783,0.24679542656538234,True,A. thaliana,OMalley2016,WRKY15,WRKY,.
712,M06787_2.00,4,500,166,27655,0.1701470432732355,0.4144290055942758,0.3187686763192442,0.24679542656538234,True,A. thaliana,OMalley2016,TGA5,bZIP,.
713,M06629_2.00,3,500,107,27655,0.1762094353679349,0.6329639512612097,0.47723636229258326,0.24679542656538234,True,A. thaliana,OMalley2016,ERF011,AP2,DREB
714,M06881_2.00,5,500,250,27655,0.17368161159327505,0.14561224716647592,0.11070115171541177,0.24679542656538234,True,A. thaliana,OMalley2016,FAR1,FAR1,.
715,M07078_2.00,4,500,170,27655,0.17415237934973143,0.38007750080349867,0.28850565188163463,0.24679542656538234,True,A. thaliana,OMalley2016,ATY53,Myb/SANT,R2R3-MYB
716,M06589_2.00,3,500,102,27655,0.16695566839347623,0.7020055956908611,0.5457383297369621,0.24679542656538234,True,A. thaliana,OMalley2016,DREB1E,AP2,DREB
717,M07086_2.00,5,500,312,27655,0.17098807007780706,-0.17400568703368538,-0.13346831112080754,0.24679542656538234,True,A. thaliana,OMalley2016,AT3G24120,Myb/SANT,G2-like
718,M07249_2.00,3,500,248,27655,0.1700253071696398,-0.5797653727245186,-0.44612158798522833,0.24679542656538234,True,A. thaliana,OMalley2016,RKD2,RWP-RK,.
719,M07322_2.00,3,500,102,27655,0.16695566839347623,0.7020055956908611,0.5457383297369621,0.24679542656538234,True,A. thaliana,OMalley2016,BEH4,BES1,.
720,M07185_2.00,5,500,289,27655,0.17699843116594935,-0.06352915067211604,-0.04777586421814651,0.24679542656538234,True,A. thaliana,OMalley2016,SMB,NAC/NAM,.
721,M07132_2.00,5,500,246,27655,0.1722284608876504,0.16888202648932307,0.12900814904267582,0.24679542656538234,True,A. thaliana,OMalley2016,PHL1,Myb/SANT,G2-like
722,M07164_2.00,5,500,240,27655,0.16963765088567553,0.20450593622004437,0.15756727364327355,0.24679542656538234,True,A. thaliana,OMalley2016,NAC007,NAC/NAM,.
723,M07154_2.00,5,500,290,27655,0.1768459267277718,-0.06851255818637159,-0.05154918714854354,0.24679542656538234,True,A. thaliana,OMalley2016,MYB96,Myb/SANT,R2R3-MYB
724,M07427_2.00,5,500,247,27655,0.17261223070125542,0.16302930024388534,0.12437968888389457,0.24679542656538234,True,A. thaliana,OMalley2016,WRKY24,WRKY,.
725,M07142_2.00,5,500,295,27655,0.17592588963449812,-0.09317461242064069,-0.07031610750163657,0.24679542656538234,True,A. thaliana,OMalley2016,MYB80,Myb/SANT,R2R3-MYB
726,M06654_2.00,5,500,241,27655,0.1701038310148522,0.19850719559860142,0.15270878766657886,0.24679542656538234,True,A. thaliana,OMalley2016,ERF109,AP2,ERF
727,M06941_2.00,5,500,306,27655,0.17303085342336977,-0.1459913108640889,-0.11122734167890948,0.24679542656538234,True,A. thaliana,OMalley2016,HSFA6B,HSF,.
728,M07392_2.00,5,500,240,27655,0.16963765088567553,0.20450593622004437,0.15756727364327355,0.24679542656538234,True,A. thaliana,OMalley2016,WRKY55,WRKY,.
729,M07045_2.00,4,500,174,27655,0.17784858236876616,0.34652494109247206,0.2598762382684963,0.24679542656538234,True,A. thaliana,OMalley2016,EFM,Myb/SANT,G2-like
730,M06773_2.00,4,500,170,27655,0.17415237934973143,0.38007750080349867,0.28850565188163463,0.24679542656538234,True,A. thaliana,OMalley2016,TGA6,bZIP,.
731,M06671_2.00,5,500,314,27655,0.17024009804770304,-0.18322421706306416,-0.1408880885355455,0.24679542656538234,True,A. thaliana,OMalley2016,ERF9,AP2,ERF
732,M06568_2.00,4,500,174,27655,0.17784858236876616,0.34652494109247206,0.2598762382684963,0.24679542656538234,True,A. thaliana,OMalley2016,ERF017,AP2,DREB
733,M06903_2.00,3,500,104,27655,0.17074164658974553,0.6739912195212646,0.5173964599383974,0.24679542656538234,True,A. thaliana,OMalley2016,ATHB-X,Homeodomain,HD-ZIP
734,M07420_2.00,5,500,260,27655,0.17636907725446122,0.08902871880010822,0.06709004444035359,0.24679542656538234,True,A. thaliana,OMalley2016,WRKY75,WRKY,.
735,M06613_2.00,4,500,275,27655,0.17797282718071114,-0.3138193714708214,-0.23525353085950051,0.24679542656538234,True,A. thaliana,OMalley2016,ERF13,AP2,ERF
736,M06794_2.00,4,500,172,27655,0.1760394610963874,0.3632036822391025,0.2739972148022303,0.24679542656538234,True,A. thaliana,OMalley2016,TGA1,bZIP,.
737,M06957_2.00,1,500,150,27655,0.17855809319598578,-1.4393502535546803,-1.076951309542783,0.24727150575379062,True,A. thaliana,OMalley2016,LBD13,LOB,.
738,1.PIF3.MEME,4,500,177,27655,0.1804149530121851,0.32186288685820297,0.23937827067284984,0.24950484706150633,True,.,.,1.PIF3.MEME,.,.
739,M07419_2.00,4,500,236,27655,0.19611247496775933,-0.09317461242064069,-0.0659205518621547,0.24967380021026425,True,A. thaliana,OMalley2016,WRKY26,WRKY,.
740,M01620_2.00,2,500,55,27655,0.18474313909221476,1.008108723416541,0.7393788759155332,0.24967380021026425,True,A. thaliana,Zoo_01,ERF039,AP2,DREB
741,M06632_2.00,3,500,117,27655,0.19249141835985714,0.5040662180789521,0.36070405312028375,0.24967380021026425,True,A. thaliana,OMalley2016,ERF035,AP2,DREB
742,M06687_2.00,4,500,243,27655,0.19413339492975645,-0.13534406666458057,-0.09635140730610373,0.24967380021026425,True,A. thaliana,OMalley2016,AT5G65130,AP2,DREB
743,M07087_2.00,4,500,211,27655,0.19713974032731635,0.06836924823401538,0.048215759137291744,0.24967380021026425,True,A. thaliana,OMalley2016,MYB118,Myb/SANT,R2R3-MYB
744,M06831_2.00,4,500,236,27655,0.19611247496775933,-0.09317461242064069,-0.0659205518621547,0.24967380021026425,True,A. thaliana,OMalley2016,DOF1.6,Dof,.
745,M06583_2.00,4,500,211,27655,0.19713974032731635,0.06836924823401538,0.048215759137291744,0.24967380021026425,True,A. thaliana,OMalley2016,RAP2-1,AP2,DREB
746,M07005_2.00,4,500,266,27655,0.1835138833218511,-0.26581399855998894,-0.19572710720773018,0.24967380021026425,True,A. thaliana,OMalley2016,MYB58,Myb/SANT,R2R3-MYB
747,M06731_2.00,3,500,119,27655,0.19537317170857277,0.4796131743544132,0.3401105234352461,0.24967380021026425,True,A. thaliana,OMalley2016,BHLH10,bHLH,.
748,M06784_2.00,4,500,184,27655,0.1857099627933307,0.26590648088418756,0.19442145812027503,0.24967380021026425,True,A. thaliana,OMalley2016,TGA10,bZIP,.
749,M01629_2.00,2,500,57,27655,0.1914515914192169,0.9565784227764588,0.6867668878680698,0.24967380021026425,True,A. thaliana,Zoo_01,ERF113,AP2,ERF
750,M07168_2.00,4,500,211,27655,0.19713974032731635,0.06836924823401538,0.048215759137291744,0.24967380021026425,True,A. thaliana,OMalley2016,NAC010,NAC/NAM,.
751,M06652_2.00,3,500,117,27655,0.19249141835985714,0.5040662180789521,0.36070405312028375,0.24967380021026425,True,A. thaliana,OMalley2016,ERF043,AP2,DREB
752,M06880_2.00,4,500,199,27655,0.19378989392286902,0.15284381639755162,0.10892703068342366,0.24967380021026425,True,A. thaliana,OMalley2016,FAR1,FAR1,.
753,M07016_2.00,4,500,241,27655,0.19476593453628918,-0.12342089928876107,-0.08768894458787206,0.24967380021026425,True,A. thaliana,OMalley2016,HHO3,Myb/SANT,G2-like
754,M02328_2.00,2,500,58,27655,0.1947110630330735,0.9314874418136286,0.6619237062106089,0.24967380021026425,True,Oryza sativa,Zoo_01,NIGT1,Myb/SANT,G2-like
755,M07122_2.00,4,500,194,27655,0.1915873024738155,0.1895555947540728,0.1360314027027611,0.24967380021026425,True,A. thaliana,OMalley2016,SRM1,Myb/SANT,MYB-related
756,M07030_2.00,3,500,237,27655,0.18136962302319865,-0.5143123112359022,-0.3813293797572317,0.24967380021026425,True,A. thaliana,OMalley2016,HHO2,Myb/SANT,G2-like
757,M00850_2.00,2,500,55,27655,0.18474313909221476,1.008108723416541,0.7393788759155332,0.24967380021026425,True,A. thaliana,Franco_Zorrilla2014,RAP2-10,AP2,DREB
758,M07096_2.00,4,500,231,27655,0.19710613747305253,-0.06228060447485697,-0.043926501148966325,0.24967380021026425,True,A. thaliana,OMalley2016,F3A4.140,Myb/SANT,R2R3-MYB
759,M07409_2.00,4,500,213,27655,0.19744129380397857,0.054758816715362334,0.03858098206707551,0.24967380021026425,True,A. thaliana,OMalley2016,WRKY31,WRKY,.
760,M06635_2.00,4,500,261,27655,0.18629246935557833,-0.23843755962868393,-0.1740128518095286,0.24967380021026425,True,A. thaliana,OMalley2016,ERF039,AP2,DREB
761,M02694_2.00,4,500,267,27655,0.18293108662188276,-0.2712274947463532,-0.2000879093879882,0.24967380021026425,True,A. thaliana,JASPAR,AGL1,MADS box,.
762,M07388_2.00,4,500,245,27655,0.19344930634997812,-0.14716950206137,-0.10499555334267897,0.24967380021026425,True,A. thaliana,OMalley2016,WRKY25,WRKY,.
763,M00873_2.00,2,500,58,27655,0.1947110630330735,0.9314874418136286,0.6619237062106089,0.24967380021026425,True,A. thaliana,Franco_Zorrilla2014,ARR14,Myb/SANT,ARR-B
764,M06923_2.00,3,500,121,27655,0.19812666533319404,0.45556770038776234,0.32029009262375513,0.24967380021026425,True,A. thaliana,OMalley2016,HAT1,Homeodomain,HD-ZIP
765,M06732_2.00,3,500,112,27655,0.18473418026709326,0.5670760156047525,0.4159234586806029,0.24967380021026425,True,A. thaliana,OMalley2016,BHLH10,bHLH,.
766,M07094_2.00,3,500,223,27655,0.1950203508582832,-0.42646896225794806,-0.30275887407372587,0.24967380021026425,True,A. thaliana,OMalley2016,MYB94,Myb/SANT,R2R3-MYB
767,M07395_2.00,4,500,235,27655,0.1963401285866695,-0.08704850962379916,-0.06154250667951787,0.24967380021026425,True,A. thaliana,OMalley2016,WRKY46,WRKY,.
768,M07143_2.00,4,500,237,27655,0.19587070442061777,-0.09927481195705849,-0.07028959621621897,0.24967380021026425,True,A. thaliana,OMalley2016,MYB80,Myb/SANT,R2R3-MYB
769,M07024_2.00,4,500,234,27655,0.1965534926961683,-0.080896282642204,-0.057154779685749585,0.24967380021026425,True,A. thaliana,OMalley2016,HHO6,Myb/SANT,G2-like
770,M07021_2.00,3,500,113,27655,0.18634803505109215,0.5542519752471691,0.404423911083571,0.24967380021026425,True,A. thaliana,OMalley2016,AtMYB93,Myb/SANT,R2R3-MYB
771,M07089_2.00,4,500,224,27655,0.1978640421900518,-0.017886485116403637,-0.012585523380337723,0.24967380021026425,True,A. thaliana,OMalley2016,MYB30,Myb/SANT,R2R3-MYB
772,M07332_2.00,4,500,201,27655,0.19453593332448446,0.13841674576227184,0.09841432936262462,0.24967380021026425,True,A. thaliana,OMalley2016,FHA2,Unknown,.
773,M07217_2.00,2,500,187,27655,0.19446286234125146,-0.7574260229464361,-0.538653609724479,0.24967380021026425,True,A. thaliana,OMalley2016,BRN2,NAC/NAM,.
774,M06648_2.00,4,500,233,27655,0.19675239572313208,-0.07471770771307988,-0.05275667688190026,0.24967380021026425,True,A. thaliana,OMalley2016,ERF054,AP2,DREB
775,M07391_2.00,4,500,236,27655,0.19611247496775933,-0.09317461242064069,-0.0659205518621547,0.24967380021026425,True,A. thaliana,OMalley2016,WRKY33,WRKY,.
776,M07343_2.00,3,500,112,27655,0.18473418026709326,0.5670760156047525,0.4159234586806029,0.24967380021026425,True,A. thaliana,OMalley2016,BEH3,BES1,.
777,M07339_2.00,4,500,237,27655,0.19587070442061777,-0.09927481195705849,-0.07028959621621897,0.24967380021026425,True,A. thaliana,OMalley2016,AT3G42860,Unknown,.
778,M07373_2.00,4,500,244,27655,0.1937977053596968,-0.14126890062168584,-0.10067547549165141,0.24967380021026425,True,A. thaliana,OMalley2016,WRKY65,WRKY,.
779,M07199_2.00,3,500,111,27655,0.18308958559921545,0.5800150713122508,0.42766620043749637,0.24967380021026425,True,A. thaliana,OMalley2016,NAC047,NAC/NAM,.
780,M07224_2.00,4,500,212,27655,0.19729943161983415,0.061547982378001416,0.043383582739150155,0.24967380021026425,True,A. thaliana,OMalley2016,ANAC076,NAC/NAM,.
781,M06569_2.00,4,500,190,27655,0.18947361189577927,0.21961282861025275,0.15865956604590226,0.24967380021026425,True,A. thaliana,OMalley2016,ERF017,AP2,DREB
782,M06810_2.00,4,500,240,27655,0.1950624300228755,-0.11742215866731794,-0.08334934461976529,0.24967380021026425,True,A. thaliana,OMalley2016,AT2G15740,C2H2 ZF,.
783,M07047_2.00,4,500,249,27655,0.19193218738412252,-0.17053349512688054,-0.12224730896676446,0.24967380021026425,True,A. thaliana,OMalley2016,AT2G20400,Myb/SANT,G2-like
784,M07140_2.00,4,500,184,27655,0.1857099627933307,0.26590648088418756,0.19442145812027503,0.24967380021026425,True,A. thaliana,OMalley2016,MYB49,Myb/SANT,R2R3-MYB
785,M06793_2.00,4,500,209,27655,0.19676636655916457,0.08210930486031771,0.057973203580335426,0.24967380021026425,True,A. thaliana,OMalley2016,TGA1,bZIP,.
786,M07212_2.00,4,500,256,27655,0.18882925684677596,-0.21053156305879944,-0.15241026519872627,0.24967380021026425,True,A. thaliana,OMalley2016,NAC062,NAC/NAM,.
787,M07015_2.00,3,500,112,27655,0.18473418026709326,0.5670760156047525,0.4159234586806029,0.24967380021026425,True,A. thaliana,OMalley2016,MYB116,Myb/SANT,R2R3-MYB
788,M02046_2.00,3,500,114,27655,0.187930903681274,0.5415409234976148,0.39315968409288365,0.24967380021026425,True,A. thaliana,Zoo_01,ANL2,Homeodomain,HD-GL2
789,M07288_2.00,2,500,58,27655,0.1947110630330735,0.9314874418136286,0.6619237062106089,0.24967380021026425,True,A. thaliana,OMalley2016,TCP16,TCP,.
790,M07041_2.00,3,500,222,27655,0.19594669888980884,-0.4199849286877491,-0.29729139203347626,0.24967380021026425,True,A. thaliana,OMalley2016,PHL7,Myb/SANT,G2-like
791,M07376_2.00,4,500,264,27655,0.18465292201788927,-0.25492568241725294,-0.1870246503221201,0.24967380021026425,True,A. thaliana,OMalley2016,WRKY14,WRKY,.
792,M07416_2.00,4,500,235,27655,0.1963401285866695,-0.08704850962379916,-0.06154250667951787,0.24967380021026425,True,A. thaliana,OMalley2016,WRKY18,WRKY,.
793,M06909_2.00,4,500,179,27655,0.18202708438291967,0.30565265967694416,0.22614139547579962,0.24967380021026425,True,A. thaliana,OMalley2016,ATHB-6,Homeodomain,HD-ZIP
794,M07423_2.00,4,500,223,27655,0.19790916582285903,-0.011431462979104398,-0.008042423924096055,0.24967380021026425,True,A. thaliana,OMalley2016,WRKY30,WRKY,.
795,M07105_2.00,3,500,121,27655,0.19812666533319404,0.45556770038776234,0.32029009262375513,0.24967380021026425,True,A. thaliana,OMalley2016,AtMYB74,Myb/SANT,R2R3-MYB
796,M07061_2.00,4,500,211,27655,0.19713974032731635,0.06836924823401538,0.048215759137291744,0.24967380021026425,True,A. thaliana,OMalley2016,MYB107,Myb/SANT,R2R3-MYB
797,M01757_2.00,2,500,55,27655,0.18474313909221476,1.008108723416541,0.7393788759155332,0.24967380021026425,True,P. patens,Zoo_01,fgenesh1_pg.scaffold_37000071,bHLH,.
798,M07066_2.00,4,500,237,27655,0.19587070442061777,-0.09927481195705849,-0.07028959621621897,0.24967380021026425,True,A. thaliana,OMalley2016,MYB83,Myb/SANT,R2R3-MYB
799,M07384_2.00,4,500,237,27655,0.19587070442061777,-0.09927481195705849,-0.07028959621621897,0.24967380021026425,True,A. thaliana,OMalley2016,WRKY15,WRKY,.
800,M07396_2.00,4,500,237,27655,0.19587070442061777,-0.09927481195705849,-0.07028959621621897,0.24967380021026425,True,A. thaliana,OMalley2016,WRKY46,WRKY,.
801,M07099_2.00,4,500,189,27655,0.18889590651128804,0.22722601272012788,0.16446106483296366,0.24967380021026425,True,A. thaliana,OMalley2016,AtMYB17,Myb/SANT,R2R3-MYB
802,M07110_2.00,4,500,231,27655,0.19710613747305253,-0.06228060447485697,-0.043926501148966325,0.24967380021026425,True,A. thaliana,OMalley2016,PC-MYB1,Myb/SANT,MYB3R
803,M07112_2.00,4,500,211,27655,0.19713974032731635,0.06836924823401538,0.048215759137291744,0.24967380021026425,True,A. thaliana,OMalley2016,HHO5,Myb/SANT,G2-like
804,M07077_2.00,4,500,223,27655,0.19790916582285903,-0.011431462979104398,-0.008042423924096055,0.24967380021026425,True,A. thaliana,OMalley2016,ATMYB65,Myb/SANT,R2R3-MYB
805,M07372_2.00,4,500,237,27655,0.19587070442061777,-0.09927481195705849,-0.07028959621621897,0.24967380021026425,True,A. thaliana,OMalley2016,WRKY65,WRKY,.
806,M06774_2.00,4,500,180,27655,0.18280340789467847,0.2976153406115257,0.21964479757325558,0.24967380021026425,True,A. thaliana,OMalley2016,TGA6,bZIP,.
807,M01783_2.00,2,500,56,27655,0.18812860916616875,0.9821135148835963,0.7125677026096705,0.24967380021026425,True,A. thaliana,Zoo_01,GBF1,bZIP,.
808,M01100_2.00,2,500,57,27655,0.1914515914192169,0.9565784227764588,0.6867668878680698,0.24967380021026425,True,C. sativa,TF_Evolution,PK19363.1,AP2,ERF
809,M06609_2.00,3,500,112,27655,0.18473418026709326,0.5670760156047525,0.4159234586806029,0.24967380021026425,True,A. thaliana,OMalley2016,DREB2E,AP2,DREB
810,M07044_2.00,3,500,111,27655,0.18308958559921545,0.5800150713122508,0.42766620043749637,0.24967380021026425,True,A. thaliana,OMalley2016,EFM,Myb/SANT,G2-like
811,1.PIF4.MEME,3,500,122,27655,0.1994550295879384,0.44369360009947045,0.31065429602227435,0.25103822689516386,True,.,.,1.PIF4.MEME,.,.
812,M07036_2.00,3,500,217,27655,0.2004557816425078,-0.38712029478212245,-0.2702027703923066,0.2519874647461783,True,A. thaliana,OMalley2016,ATY13,Myb/SANT,R2R3-MYB
813,M07177_2.00,3,500,123,27655,0.20075102003462308,0.4319164323231169,0.3011935721295518,0.2520485779795882,True,A. thaliana,OMalley2016,NAC018,NAC/NAM,.
814,M06819_2.00,3,500,124,27655,0.20201456770970727,0.42023462727548144,0.2919022469993025,0.25332378920162063,True,A. thaliana,OMalley2016,AT5G04390,C2H2 ZF,.
815,M06619_2.00,3,500,125,27655,0.20324561937563967,0.4086466530002696,0.2827748230741188,0.2542436022055125,True,A. thaliana,OMalley2016,AT3G16280,AP2,DREB
816,M07250_2.00,3,500,214,27655,0.20305343816412885,-0.3670360487387902,-0.25413196224199563,0.2542436022055125,True,A. thaliana,OMalley2016,RKD2,RWP-RK,.
817,M07065_2.00,3,500,212,27655,0.20473569778414372,-0.3534895169008426,-0.24348585112028803,0.25579447816062945,True,A. thaliana,OMalley2016,MYB108,Myb/SANT,R2R3-MYB
818,M07133_2.00,3,500,211,27655,0.20556112529513554,-0.34666825104482835,-0.2381815465882393,0.2562603899878016,True,A. thaliana,OMalley2016,MYB23,Myb/SANT,R2R3-MYB
819,M06651_2.00,3,500,127,27655,0.20561009764187604,0.38574625089019077,0.2649905320591143,0.2562603899878016,True,A. thaliana,OMalley2016,ERF043,AP2,DREB
820,M02715_2.00,2,500,62,27655,0.20709667835470813,0.8352721265543253,0.5711815211813447,0.25717230289005066,True,A. thaliana,JASPAR,SPL3,SBP,.
821,M06599_2.00,3,500,128,27655,0.20674349268522513,0.37443093766235674,0.2563234947147164,0.25717230289005066,True,A. thaliana,OMalley2016,ERF037,AP2,DREB
822,M01051_2.00,2,500,62,27655,0.20709667835470813,0.8352721265543253,0.5711815211813447,0.25717230289005066,True,A. thaliana,Stam_Arabidopsis,ABR1,AP2,ERF
823,M06571_2.00,3,500,129,27655,0.207844327829692,0.3632036822391025,0.24780000640053304,0.25778750369168113,True,A. thaliana,OMalley2016,ERF019,AP2,DREB
824,M07204_2.00,1,500,136,27655,0.20917798215490271,-1.2979944043091387,-0.88196646974409,0.2591271488028007,True,A. thaliana,OMalley2016,AT3G12910,NAC/NAM,.
825,M07387_2.00,3,500,206,27655,0.209519651588828,-0.31206958952086156,-0.21182510951651132,0.2592361790844821,True,A. thaliana,OMalley2016,WRKY25,WRKY,.
826,M01970_2.00,2,500,63,27655,0.2100264937049342,0.8121885134412842,0.550441205790519,0.2595490647719985,True,Oryza sativa,Zoo_01,OS09G0490200,EIN3,.
827,M07213_2.00,3,500,132,27655,0.2109517356445136,0.3300368183039033,0.22304445845147972,0.2603776253969721,True,A. thaliana,OMalley2016,NAC062,NAC/NAM,.
828,M11457_2.00,2,500,175,27655,0.21203119567242343,-0.6617426748911283,-0.44575002303738576,0.26107937587616475,True,Nicotiana tabacum,Transfac,Q9SXJ0_TOBAC,Unknown,.
829,M01053_2.00,3,500,133,27655,0.21192265875028293,0.3191485021611671,0.2150494754535359,0.26107937587616475,True,A. thaliana,Stam_Arabidopsis,TGA9,bZIP,.
830,M07352_2.00,2,500,174,27655,0.21347652054890306,-0.6534750589075279,-0.43825297269567143,0.26254272442957755,True,A. thaliana,OMalley2016,AT5G08750,Unknown,.
831,M00889_2.00,3,500,135,27655,0.21376759338137738,0.2976153406115257,0.199419579204452,0.2625847120622208,True,A. thaliana,Franco_Zorrilla2014,YAB5,YABBY,.
832,M07214_2.00,2,500,173,27655,0.21491727298863644,-0.6451597906955242,-0.43079169457968647,0.26368001559950355,True,A. thaliana,OMalley2016,NAC68,NAC/NAM,.
833,M06707_2.00,3,500,196,27655,0.2164737182134117,-0.2402789064528514,-0.15968811735903876,0.2640049403509627,True,A. thaliana,OMalley2016,NGA4,B3,FUS
834,M07187_2.00,3,500,138,27655,0.21629413645007797,0.26590648088418756,0.17681591147145634,0.2640049403509627,True,A. thaliana,OMalley2016,NAC037,NAC/NAM,.
835,M07111_2.00,3,500,196,27655,0.2164737182134117,-0.2402789064528514,-0.15968811735903876,0.2640049403509627,True,A. thaliana,OMalley2016,PC-MYB1,Myb/SANT,MYB3R
836,M09781_2.00,3,500,137,27655,0.21548392484818618,0.2763988547018299,0.18424336449380682,0.2640049403509627,True,A. thaliana,Transfac,PIF3,bHLH,.
837,M06582_2.00,3,500,196,27655,0.2164737182134117,-0.2402789064528514,-0.15968811735903876,0.2640049403509627,True,A. thaliana,OMalley2016,RAP2-1,AP2,DREB
838,M07207_2.00,3,500,139,27655,0.21707254549088548,0.2554898649388491,0.16949072475174168,0.264104930347244,True,A. thaliana,OMalley2016,NAC055,NAC/NAM,.
839,M01630_2.00,3,500,139,27655,0.21707254549088548,0.2554898649388491,0.16949072475174168,0.264104930347244,True,A. thaliana,Zoo_01,ERF096,AP2,ERF
840,M02653_2.00,3,500,140,27655,0.21781928998754851,0.2451479207173903,0.162264306438538,0.2646983523986618,True,A. thaliana,JASPAR,LEC2,B3,FUS
841,M00723_2.00,2,500,66,27655,0.21840777908631295,0.745074317582747,0.49229436749565375,0.26478380809752294,True,A. thaliana,Chang2013,EIL3,EIN3,.
842,M01952_2.00,2,500,66,27655,0.21840777908631295,0.745074317582747,0.49229436749565375,0.26478380809752294,True,P. patens,Zoo_01,e_gw1.170.52.1,Dof,.
843,M02001_2.00,1,500,16,27655,0.2201221475110488,1.7894684369412006,1.176282487694989,0.26623057367608505,True,A. thaliana,Zoo_01,GATA26,GATA,.
844,M01086_2.00,1,500,16,27655,0.2201221475110488,1.7894684369412006,1.176282487694989,0.26623057367608505,True,A. thaliana,Stam_Arabidopsis,TCP9,TCP,.
845,M07052_2.00,3,500,188,27655,0.22094062210460425,-0.1801579140152807,-0.11813394502343101,0.26690462859445097,True,A. thaliana,OMalley2016,MYB101,Myb/SANT,R2R3-MYB
846,M07321_2.00,3,500,159,27655,0.22623955159234824,0.06154798237800111,0.03972500465902573,0.26753122663746065,True,A. thaliana,OMalley2016,GT-2,Trihelix,.
847,M07414_2.00,3,500,153,27655,0.22472509379997324,0.11704309496970487,0.0758847068222212,0.26753122663746065,True,A. thaliana,OMalley2016,WRKY20,WRKY,.
848,M07361_2.00,3,500,161,27655,0.22652371705441926,0.04351405954773992,0.028061621756007186,0.26753122663746065,True,A. thaliana,OMalley2016,ATMYB119,C2H2 ZF,.
849,M07108_2.00,3,500,183,27655,0.22315738333529944,-0.14126890062168565,-0.092020971122841,0.26753122663746065,True,A. thaliana,OMalley2016,MYB98,Myb/SANT,R2R3-MYB
850,M07104_2.00,3,500,152,27655,0.22437331479592681,0.12650342421877106,0.08210436510141939,0.26753122663746065,True,A. thaliana,OMalley2016,AtMYB74,Myb/SANT,R2R3-MYB
851,M06759_2.00,3,500,178,27655,0.22488262300617626,-0.10130249330404108,-0.06564848328412941,0.26753122663746065,True,A. thaliana,OMalley2016,TGA7,bZIP,.
852,M06738_2.00,2,500,168,27655,0.22203844925787428,-0.6028489858375596,-0.39400510553870344,0.26753122663746065,True,A. thaliana,OMalley2016,LRL2,bHLH,.
853,M07173_2.00,3,500,186,27655,0.22188367796676087,-0.16472787344567452,-0.1077113795770688,0.26753122663746065,True,A. thaliana,OMalley2016,anac016,NAC/NAM,.
854,M11070_2.00,3,500,157,27655,0.22584653133631172,0.0798101887707298,0.05157227254484329,0.26753122663746065,True,Petunia x hybrida,Transfac,myb.Ph3,Myb/SANT,R2R3-MYB
855,1.AIL6-MEME,2,500,68,27655,0.2236517963366017,0.7020055956908613,0.456603821314305,0.26753122663746065,True,.,.,1.AIL6-MEME,.,.
856,M07165_2.00,3,500,149,27655,0.22314255495768343,0.15526241720019518,0.10114067096614623,0.26753122663746065,True,A. thaliana,OMalley2016,NAC007,NAC/NAM,.
857,M06720_2.00,3,500,183,27655,0.22315738333529944,-0.14126890062168565,-0.092020971122841,0.26753122663746065,True,A. thaliana,OMalley2016,BHLH74,bHLH,.
858,M07042_2.00,3,500,157,27655,0.22584653133631172,0.0798101887707298,0.05157227254484329,0.26753122663746065,True,A. thaliana,OMalley2016,MYB88,Myb/SANT,R2R3-MYB
859,M06894_2.00,3,500,159,27655,0.22623955159234824,0.06154798237800111,0.03972500465902573,0.26753122663746065,True,A. thaliana,OMalley2016,GATA19,GATA,.
860,M02672_2.00,3,500,168,27655,0.22669475760082283,-0.017886485116403474,-0.011528886427862726,0.26753122663746065,True,Zea mays,JASPAR,id1,C2H2 ZF,.
861,2.ANT-MEME,2,500,69,27655,0.22617009323772763,0.6809439801630315,0.43959347998047527,0.26753122663746065,True,.,.,2.ANT-MEME,.,.
862,M07172_2.00,3,500,185,27655,0.22232735882643342,-0.1569505228539554,-0.10248980439965188,0.26753122663746065,True,A. thaliana,OMalley2016,anac016,NAC/NAM,.
863,M07312_2.00,3,500,158,27655,0.22605678922769556,0.07065018948525377,0.04562465211570296,0.26753122663746065,True,A. thaliana,OMalley2016,BHLH157,bHLH,.
864,M07037_2.00,3,500,154,27655,0.22504804667660006,0.10764439696745531,0.06972394035195119,0.26753122663746065,True,A. thaliana,OMalley2016,AT1G74840,Myb/SANT,MYB-related
865,M06578_2.00,3,500,174,27655,0.22588132280276546,-0.06851255818637175,-0.04426731200822978,0.26753122663746065,True,A. thaliana,OMalley2016,ERF055,AP2,DREB
866,M06871_2.00,1,500,128,27655,0.22790558539261743,-1.2105315630587994,-0.777457881514198,0.26864995186995966,True,A. thaliana,OMalley2016,E2FA,E2F,.
867,M08106_2.00,2,500,70,27655,0.22861910132217167,0.660185419996234,0.42310457460907464,0.269180554782557,True,A. thaliana,JASPAR,E2FA,E2F,.
868,M01125_2.00,2,500,71,27655,0.23099878239484486,0.6397213174365184,0.4071124470614983,0.27166945409382215,True,C. sativa,TF_Evolution,PK15505.1,bHLH,.
869,M07192_2.00,2,500,161,27655,0.2316989008685261,-0.5414484411734163,-0.34386092452520794,0.27217962837659043,True,A. thaliana,OMalley2016,NAC043,NAC/NAM,.
870,M08431_2.00,2,500,72,27655,0.23330915302482633,0.619543435498888,0.39159371830279743,0.27250509073299717,True,A. thaliana,JASPAR,BZR2,BES1,.
871,M07152_2.00,2,500,72,27655,0.23330915302482633,0.619543435498888,0.39159371830279743,0.27250509073299717,True,A. thaliana,OMalley2016,MYB99,Myb/SANT,R2R3-MYB
872,M07257_2.00,2,500,72,27655,0.23330915302482633,0.619543435498888,0.39159371830279743,0.27250509073299717,True,A. thaliana,OMalley2016,SPL9,SBP,.
873,M01603_2.00,1,500,126,27655,0.23270441106078552,-1.187811486558716,-0.7521167507144743,0.27250509073299717,True,A. thaliana,Zoo_01,WIN1,AP2,DREB
874,M02326_2.00,1,500,126,27655,0.23270441106078552,-1.187811486558716,-0.7521167507144743,0.27250509073299717,True,Oryza sativa,Zoo_01,OS01G0708000,Myb/SANT,MYB-related
875,M00859_2.00,2,500,74,27655,0.23772228895216174,0.5800150713122508,0.3618888595374193,0.27702643022703455,True,A. thaliana,Franco_Zorrilla2014,AT4G35610,C2H2 ZF,.
876,M06960_2.00,2,500,74,27655,0.23772228895216174,0.5800150713122508,0.3618888595374193,0.27702643022703455,True,A. thaliana,OMalley2016,LBD19,LOB,.
877,M07017_2.00,2,500,156,27655,0.2382992005696588,-0.4959337819210478,-0.30890595189251036,0.2773824407542042,True,A. thaliana,OMalley2016,HHO3,Myb/SANT,G2-like
878,M01127_2.00,2,500,75,27655,0.23982533954736007,0.5606497464453197,0.34766167288331534,0.2787011935857143,True,C. sativa,TF_Evolution,PK18474.1,bHLH,.
879,M07228_2.00,1,500,123,27655,0.23997754437908866,-1.1530460683980392,-0.7146918469713908,0.2787011935857143,True,A. thaliana,OMalley2016,NAC079,NAC/NAM,.
880,M06749_2.00,2,500,152,27655,0.2433504313087065,-0.4584590765023851,-0.2813874553077821,0.28229754914585475,True,A. thaliana,OMalley2016,TGA9,bZIP,.
881,M06564_2.00,2,500,78,27655,0.24572308535103787,0.5040662180789521,0.30725559977088923,0.28472674969247247,True,A. thaliana,OMalley2016,DREB1F,AP2,DREB
882,M07043_2.00,2,500,79,27655,0.247552849123563,0.48568768876409757,0.2944880221594598,0.2852300020341391,True,A. thaliana,OMalley2016,MYB88,Myb/SANT,R2R3-MYB
883,M06614_2.00,1,500,120,27655,0.24732928506977425,-1.1174221586673179,-0.677967353435606,0.2852300020341391,True,A. thaliana,OMalley2016,ERF034,AP2,DREB
884,M06962_2.00,1,500,120,27655,0.24732928506977425,-1.1174221586673179,-0.677967353435606,0.2852300020341391,True,A. thaliana,OMalley2016,LBD18,LOB,.
885,1.CBF3-MEME1,2,500,79,27655,0.247552849123563,0.48568768876409757,0.2944880221594598,0.2852300020341391,True,.,.,1.CBF3-MEME1,.,.
886,M01621_2.00,1,500,19,27655,0.24749079172000465,1.541540923497615,0.9348535498664463,0.2852300020341391,True,A. thaliana,Zoo_01,ERF6,AP2,ERF
887,M00888_2.00,1,500,119,27655,0.2497949242489531,-1.105349326366743,-0.6658805515352049,0.28748920335859246,True,A. thaliana,Franco_Zorrilla2014,SPL7,SBP,.
888,M07007_2.00,2,500,81,27655,0.2510103205341631,0.44961843405657576,0.2699097325205066,0.28856304565344737,True,A. thaliana,OMalley2016,MYB52,Myb/SANT,R2R3-MYB
889,M06636_2.00,1,500,118,27655,0.2522671589606436,-1.0931746124206407,-0.6538706797511201,0.2895161352490086,True,A. thaliana,OMalley2016,ERF039,AP2,DREB
890,M06828_2.00,2,500,144,27655,0.25268922959111123,-0.3804565645011119,-0.22728979978972463,0.2895161352490086,True,A. thaliana,OMalley2016,EICBP.B,CG-1,.
891,M06567_2.00,2,500,144,27655,0.25268922959111123,-0.3804565645011119,-0.22728979978972463,0.2895161352490086,True,A. thaliana,OMalley2016,ERF027,AP2,DREB
892,M07031_2.00,2,500,143,27655,0.25377325542598506,-0.3704028998371888,-0.22059498384283852,0.29043254988281825,True,A. thaliana,OMalley2016,MYB105,Myb/SANT,R2R3-MYB
893,M06954_2.00,2,500,83,27655,0.25420125819455996,0.4144290055942758,0.24651161603187738,0.29059696406581687,True,A. thaliana,OMalley2016,LBD2,LOB,.
894,M10440_2.00,2,500,142,27655,0.2548366588209803,-0.3602786825634816,-0.21391117959618564,0.29067306396768067,True,Zea mays,Transfac,MNB1A,Dof,.
895,M06878_2.00,2,500,142,27655,0.2548366588209803,-0.3602786825634816,-0.21391117959618564,0.29067306396768067,True,A. thaliana,OMalley2016,EIN3,EIN3,.
896,M00891_2.00,1,500,20,27655,0.2558126934090299,1.467540342053838,0.868898218063577,0.29081265034930875,True,A. thaliana,Franco_Zorrilla2014,TCP23,TCP,.
897,M02504_2.00,1,500,20,27655,0.2558126934090299,1.467540342053838,0.868898218063577,0.29081265034930875,True,A. thaliana,Zoo_01,TCP19,TCP,.
898,M02565_2.00,1,500,20,27655,0.2558126934090299,1.467540342053838,0.868898218063577,0.29081265034930875,True,A. thaliana,Zoo_01,WRKY48,WRKY,.
899,M01634_2.00,2,500,85,27655,0.2571295457487335,0.38007750080349867,0.22418796031199464,0.2919848841724507,True,Oryza sativa,Zoo_01,LOC_Os08g36920,AP2,ERF
900,M07304_2.00,2,500,87,27655,0.2597995146544915,0.34652494109247206,0.2028424163402627,0.2946893495858938,True,A. thaliana,OMalley2016,JGL,Unknown,.
901,M06733_2.00,2,500,88,27655,0.26103909312383644,0.3300368183039033,0.1925086437523956,0.2957671321203557,True,A. thaliana,OMalley2016,AT2G42280,bHLH,.
902,M06801_2.00,1,500,114,27655,0.2622097843661539,-1.0434215772235413,-0.60659428860224,0.29676456215084085,True,A. thaliana,OMalley2016,STOP1,C2H2 ZF,.
903,M01778_2.00,2,500,90,27655,0.2633305614726331,0.2976153406115257,0.17246771335934924,0.29770335600114056,True,A. thaliana,Zoo_01,BZIP17,bZIP,.
904,M06872_2.00,2,500,132,27655,0.264188211651789,-0.25492568241725294,-0.14736911206692174,0.2982342208472819,True,A. thaliana,OMalley2016,E2FA,E2F,.
905,M02002_2.00,2,500,91,27655,0.2643837613381971,0.2816737967425042,0.16274132401106692,0.2982342208472819,True,A. thaliana,Zoo_01,GATA9,GATA,.
906,M06972_2.00,2,500,131,27655,0.26497971758559646,-0.24395456459624967,-0.1407099110082684,0.2982480962251978,True,A. thaliana,OMalley2016,AT3G10030,Trihelix,MADF
907,M07150_2.00,2,500,131,27655,0.26497971758559646,-0.24395456459624967,-0.1407099110082684,0.2982480962251978,True,A. thaliana,OMalley2016,AT5G61620,Myb/SANT,MYB-related
908,M06633_2.00,2,500,130,27655,0.2657422045640697,-0.23289937608725406,-0.13404278265305342,0.2987772640973369,True,A. thaliana,OMalley2016,RAP2-9,AP2,DREB
909,M01055_2.00,2,500,93,27655,0.26630850320644395,0.2503096258331691,0.14383165722673538,0.2989433279866454,True,A. thaliana,Stam_Arabidopsis,TGA6,bZIP,.
910,M07289_2.00,2,500,129,27655,0.2664749234792896,-0.22175881848205373,-0.1273657700761362,0.2989433279866454,True,A. thaliana,OMalley2016,TCP14,TCP,.
911,M01846_2.00,2,500,94,27655,0.26718145853333497,0.23487958526356323,0.13463149469886163,0.29940729234766267,True,O. tauri,Zoo_01,1500010105,bZIP,.
912,M06650_2.00,2,500,126,27655,0.26848687876009786,-0.18781148655871582,-0.10725480789139394,0.30054062441710844,True,A. thaliana,OMalley2016,ERF015,AP2,DREB
913,M06820_2.00,2,500,97,27655,0.26945144120596504,0.1895555947540728,0.10795560549276174,0.3012903423550287,True,A. thaliana,OMalley2016,STOP2,C2H2 ZF,.
914,M02515_2.00,1,500,22,27655,0.27132337449390176,1.3300368183039033,0.7534828689805064,0.3016620582578173,True,V. vinifera,Zoo_01,VIT_15s0048g01150,TCP,.
915,M07230_2.00,2,500,106,27655,0.27330220328933474,0.061547982378001416,0.03467347853046852,0.3016620582578173,True,A. thaliana,OMalley2016,NAC083,NAC/NAM,.
916,M02019_2.00,2,500,105,27655,0.2730818468713788,0.07522291927507788,0.04240369884190632,0.3016620582578173,True,O. tauri,Zoo_01,fgenesh1_pg.C_Chr_07.0001000042,GATA,.
917,M01646_2.00,2,500,106,27655,0.27330220328933474,0.061547982378001416,0.03467347853046852,0.3016620582578173,True,A. thaliana,Zoo_01,RAV1,AP2,B3
918,M07159_2.00,2,500,116,27655,0.2729389954670842,-0.0685125581863714,-0.03863658915885421,0.3016620582578173,True,A. thaliana,OMalley2016,NAC002,NAC/NAM,.
919,M09780_2.00,2,500,112,27655,0.2736210645841454,-0.017886485116403637,-0.010067416585111308,0.3016620582578173,True,A. thaliana,Transfac,PIF3,bHLH,.
920,M06681_2.00,2,500,118,27655,0.272349449699941,-0.09317461242064069,-0.05263186923451733,0.3016620582578173,True,A. thaliana,OMalley2016,ERF025,AP2,DREB
921,M06618_2.00,2,500,102,27655,0.2721176243393162,0.11704309496970487,0.0661578286609653,0.3016620582578173,True,A. thaliana,OMalley2016,AT3G16280,AP2,DREB
922,M06669_2.00,2,500,112,27655,0.2736210645841454,-0.017886485116403637,-0.010067416585111308,0.3016620582578173,True,A. thaliana,OMalley2016,TINY,AP2,DREB
923,M01052_2.00,1,500,22,27655,0.27132337449390176,1.3300368183039033,0.7534828689805064,0.3016620582578173,True,A. thaliana,Stam_Arabidopsis,BHLH49,bHLH,.
924,M06680_2.00,2,500,115,27655,0.2731728781519594,-0.05602161400317467,-0.03157167644873697,0.3016620582578173,True,A. thaliana,OMalley2016,ERF025,AP2,DREB
925,M06902_2.00,2,500,120,27655,0.2716029936033376,-0.11742215866731794,-0.06646862680172459,0.3016620582578173,True,A. thaliana,OMalley2016,ATHB-X,Homeodomain,HD-ZIP
926,M01316_2.00,1,500,22,27655,0.27132337449390176,1.3300368183039033,0.7534828689805064,0.3016620582578173,True,C. sativa,TF_Evolution,PK13314.1,TCP,.
927,M06561_2.00,1,500,108,27655,0.2772088355098295,-0.9654190652222678,-0.5379246790969842,0.3052881787619028,True,A. thaliana,OMalley2016,ERF023,AP2,DREB
928,M00892_2.00,1,500,23,27655,0.2785339567530175,1.2659064808841876,0.7027323493229087,0.30641733455498804,True,A. thaliana,Franco_Zorrilla2014,TCP15,TCP,.
929,M06602_2.00,1,500,107,27655,0.2797086847167916,-0.9519985494599466,-0.5267351320202662,0.3073787911618936,True,A. thaliana,OMalley2016,ERF008,AP2,DREB
930,M07264_2.00,1,500,106,27655,0.282206237280707,-0.9384520176219986,-0.5156168750487887,0.30979030558634,True,A. thaliana,OMalley2016,SPL15,SBP,.
931,M01712_2.00,1,500,24,27655,0.2853954526136836,1.2045059362200443,0.6559172621318926,0.3129550993253054,True,A. thaliana,Zoo_01,MYC3,bHLH,.
932,M00847_2.00,1,500,102,27655,0.29215430172252205,-0.8829569050302951,-0.47184132265011564,0.3200232544055922,True,A. thaliana,Franco_Zorrilla2014,RAP2-3,AP2,ERF
933,M00727_2.00,1,500,26,27655,0.2981118757542645,1.0890287188001084,0.572416062348243,0.325850627829795,True,A. thaliana,Chang2013,GATA4,GATA,.
934,M01998_2.00,1,500,26,27655,0.2981118757542645,1.0890287188001084,0.572416062348243,0.325850627829795,True,A. thaliana,Zoo_01,GATA1,GATA,.
935,M07263_2.00,1,500,98,27655,0.3019846779675415,-0.8252414071740076,-0.4291379859620059,0.3297311334218242,True,A. thaliana,OMalley2016,SPL15,SBP,.
936,M07276_2.00,1,500,97,27655,0.30441533063140486,-0.8104444052459272,-0.4186216688972528,0.3320303819693658,True,A. thaliana,OMalley2016,TCP1,TCP,.
937,M06603_2.00,1,500,95,27655,0.30923555755287324,-0.7803871713897472,-0.39777159337393597,0.33692829405014546,True,A. thaliana,OMalley2016,ERF008,AP2,DREB
938,M01701_2.00,1,500,29,27655,0.31481610527997306,0.9314874418136286,0.467553655238519,0.34082845296200476,True,A. thaliana,Zoo_01,BIM2,bHLH,.
939,M01706_2.00,1,500,29,27655,0.31481610527997306,0.9314874418136286,0.467553655238519,0.34082845296200476,True,A. thaliana,Zoo_01,BHLH104,bHLH,.
940,M02309_2.00,1,500,29,27655,0.31481610527997306,0.9314874418136286,0.467553655238519,0.34082845296200476,True,A. thaliana,Zoo_01,MYR1,Myb/SANT,G2-like
941,M01714_2.00,1,500,29,27655,0.31481610527997306,0.9314874418136286,0.467553655238519,0.34082845296200476,True,A. thaliana,Zoo_01,ILR3,bHLH,.
942,M01703_2.00,1,500,29,27655,0.31481610527997306,0.9314874418136286,0.467553655238519,0.34082845296200476,True,A. thaliana,Zoo_01,PIF1,bHLH,.
943,M01711_2.00,1,500,29,27655,0.31481610527997306,0.9314874418136286,0.467553655238519,0.34082845296200476,True,A. thaliana,Zoo_01,BIM3,bHLH,.
944,M02295_2.00,1,500,91,27655,0.3186733860911495,-0.7183262032574957,-0.3567597293955601,0.34463936569857645,True,A. thaliana,Zoo_01,PHL6,Myb/SANT,G2-like
945,M07026_2.00,1,500,30,27655,0.31978932221018985,0.882577841332682,0.43699609864969163,0.345115826081113,True,A. thaliana,OMalley2016,MYB113,Myb/SANT,R2R3-MYB
946,M02502_2.00,1,500,30,27655,0.31978932221018985,0.882577841332682,0.43699609864969163,0.345115826081113,True,A. thaliana,Zoo_01,TCP20,TCP,.
947,M06634_2.00,1,500,89,27655,0.3232674352151701,-0.6862649940251971,-0.33657046025824916,0.3485013911285906,True,A. thaliana,OMalley2016,RAP2-9,AP2,DREB
948,M02492_2.00,1,500,31,27655,0.32447995146826775,0.8352721265543253,0.40829114867983995,0.34943994773505754,True,A. thaliana,Zoo_01,STKL1,Storekeeper,.
949,M07073_2.00,1,500,88,27655,0.3255277088255506,-0.6699631816960967,-0.32654812011057144,0.3498310393477526,True,A. thaliana,OMalley2016,AT3G10580,Myb/SANT,MYB-related
950,M07050_2.00,1,500,88,27655,0.3255277088255506,-0.6699631816960967,-0.32654812011057144,0.3498310393477526,True,A. thaliana,OMalley2016,AtMYB81,Myb/SANT,R2R3-MYB
951,M09749_2.00,1,500,32,27655,0.3288965624473365,0.7894684369412006,0.3812664124393867,0.3527096398963042,True,A. thaliana,Transfac,RAV1,AP2,B3
952,M02650_2.00,1,500,32,27655,0.3288965624473365,0.7894684369412006,0.3812664124393867,0.3527096398963042,True,A. thaliana,JASPAR,RAV1,AP2,B3
953,M07121_2.00,1,500,85,27655,0.33214099927226765,-0.6199224991965013,-0.2967429595853114,0.3558156197654691,True,A. thaliana,OMalley2016,SRM1,Myb/SANT,MYB
954,M10439_2.00,1,500,84,27655,0.33428356506531387,-0.6028489858375596,-0.2868867744449906,0.35773591989188563,True,Zea mays,Transfac,Dof3,Dof,.
955,M06736_2.00,1,500,81,27655,0.3404987694651491,-0.5503815659434242,-0.2575149780621257,0.3625808579296581,True,A. thaliana,OMalley2016,BHLH77,bHLH,.
956,M07313_2.00,1,500,81,27655,0.3404987694651491,-0.5503815659434242,-0.2575149780621257,0.3625808579296581,True,A. thaliana,OMalley2016,AT1G68200,C3H,.
957,M02360_2.00,1,500,35,27655,0.3405847589163129,0.660185419996234,0.3088180965359586,0.3625808579296581,True,O. tauri,Zoo_01,600010132,Myb/SANT,MYB-related
958,M06659_2.00,1,500,35,27655,0.3405847589163129,0.660185419996234,0.3088180965359586,0.3625808579296581,True,A. thaliana,OMalley2016,AIL6,AP2,ANT
959,M02380_2.00,1,500,35,27655,0.3405847589163129,0.660185419996234,0.3088180965359586,0.3625808579296581,True,P. patens,Zoo_01,e_gw1.279.28.1,NAC/NAM,.
960,M02362_2.00,1,500,80,27655,0.3424928666577674,-0.5324596579461619,-0.24777928686221995,0.36423278847475365,True,O. tauri,Zoo_01,1200010282,Myb/SANT,G2-like
961,1.CBF2-MEME1,1,500,36,27655,0.3439867310009324,0.619543435498888,0.2871325533710908,0.3654412048679344,True,.,.,1.CBF2-MEME1,.,.
962,M06958_2.00,1,500,79,27655,0.34444458395320904,-0.5143123112359024,-0.23806521163291416,0.3655476269991481,True,A. thaliana,OMalley2016,LBD16,LOB,.
963,M00841_2.00,1,500,78,27655,0.346351686687596,-0.4959337819210478,-0.22836892348063673,0.3656729584656231,True,A. thaliana,Franco_Zorrilla2014,RAP2-6,AP2,ERF
964,M01617_2.00,1,500,78,27655,0.346351686687596,-0.4959337819210478,-0.22836892348063673,0.3656729584656231,True,A. thaliana,Zoo_01,ERF7,AP2,ERF
965,M01608_2.00,1,500,78,27655,0.346351686687596,-0.4959337819210478,-0.22836892348063673,0.3656729584656231,True,A. thaliana,Zoo_01,ERF8,AP2,ERF
966,M07180_2.00,1,500,78,27655,0.346351686687596,-0.4959337819210478,-0.22836892348063673,0.3656729584656231,True,A. thaliana,OMalley2016,NAC029,NAC/NAM,.
967,M06565_2.00,1,500,78,27655,0.346351686687596,-0.4959337819210478,-0.22836892348063673,0.3656729584656231,True,A. thaliana,OMalley2016,DREB1F,AP2,DREB
968,M01291_2.00,1,500,77,27655,0.3482118723415151,-0.47731810375370104,-0.2186863563013703,0.3668789005495139,True,C. sativa,TF_Evolution,PK19314.1,NAC/NAM,.
969,M02381_2.00,1,500,77,27655,0.3482118723415151,-0.47731810375370104,-0.2186863563013703,0.3668789005495139,True,P. patens,Zoo_01,e_gw1.288.15.1,NAC/NAM,.
970,M02138_2.00,1,500,38,27655,0.3500950474481184,0.5415409234976148,0.2468419522951493,0.3677257332908294,True,Zea mays,Zoo_01,GRMZM2G087741,Homeodomain,HD-KN
971,M01066_2.00,1,500,38,27655,0.3500950474481184,0.5415409234976148,0.2468419522951493,0.3677257332908294,True,A. thaliana,Stam_Arabidopsis,LBD30,LOB,.
972,M02354_2.00,1,500,38,27655,0.3500950474481184,0.5415409234976148,0.2468419522951493,0.3677257332908294,True,C. sativa,Zoo_01,PK19779.1,Myb/SANT,G2-like
973,M10623_2.00,1,500,74,27655,0.3534868504922962,-0.4199849286877491,-0.18967642296256262,0.37014709139664626,True,A. thaliana,Transfac,ATHB-9,Homeodomain,HD-ZIP
974,M02682_2.00,1,500,74,27655,0.3534868504922962,-0.4199849286877491,-0.18967642296256262,0.37014709139664626,True,A. thaliana,JASPAR,ATHB-9,Homeodomain,HD-ZIP
975,M02569_2.00,1,500,74,27655,0.3534868504922962,-0.4199849286877491,-0.18967642296256262,0.37014709139664626,True,O. tauri,Zoo_01,700010421,WRKY,.
976,M02278_2.00,1,500,40,27655,0.355323871501545,0.4675403420538381,0.21010122855879343,0.37017430853677774,True,Ricinus communis,Zoo_01,29929.m004704,Trihelix,MADF
977,M01702_2.00,1,500,40,27655,0.355323871501545,0.4675403420538381,0.21010122855879343,0.37017430853677774,True,A. thaliana,Zoo_01,AT2G18300,bHLH,.
978,M00726_2.00,1,500,73,27655,0.3551349279219539,-0.4003561219388167,-0.18000275967611554,0.37017430853677774,True,P. patens,Chang2013,e_gw1.87.73.1,EIN3,.
979,M06639_2.00,1,500,73,27655,0.3551349279219539,-0.4003561219388167,-0.18000275967611554,0.37017430853677774,True,A. thaliana,OMalley2016,DREB1C,AP2,DREB
980,M02352_2.00,1,500,40,27655,0.355323871501545,0.4675403420538381,0.21010122855879343,0.37017430853677774,True,C. sativa,Zoo_01,PK14402.1,Myb/SANT,G2-like
981,M06678_2.00,1,500,72,27655,0.3567234982523369,-0.3804565645011119,-0.1703183364825484,0.37087631252684466,True,A. thaliana,OMalley2016,DREB1D,AP2,DREB
982,M06641_2.00,1,500,72,27655,0.3567234982523369,-0.3804565645011119,-0.1703183364825484,0.37087631252684466,True,A. thaliana,OMalley2016,DREB1A,AP2,DREB
983,M06745_2.00,1,500,41,27655,0.35762578861364214,0.43191643232311666,0.1928814271756827,0.371059447678317,True,A. thaliana,OMalley2016,AT1G06070,bZIP,.
984,M01948_2.00,1,500,41,27655,0.35762578861364214,0.43191643232311666,0.1928814271756827,0.371059447678317,True,A. thaliana,Zoo_01,DOF5.4,Dof,.
985,M07076_2.00,1,500,71,27655,0.3582498150434111,-0.3602786825634816,-0.16061728964841257,0.3713299299942861,True,A. thaliana,OMalley2016,ATMYB65,Myb/SANT,R2R3-MYB
986,M07287_2.00,1,500,51,27655,0.3706849919658865,0.11704309496970487,0.05044498836827024,0.3716253659720802,True,A. thaliana,OMalley2016,TCP16,TCP,.
987,M06623_2.00,1,500,58,27655,0.3710209961809329,-0.0685125581863714,-0.02950161120389893,0.3716253659720802,True,A. thaliana,OMalley2016,PLT1,AP2,ANT
988,M07284_2.00,1,500,61,27655,0.36942438052403603,-0.14126890062168584,-0.061095189570123554,0.3716253659720802,True,A. thaliana,OMalley2016,TCP13,TCP,.
989,M06754_2.00,1,500,58,27655,0.3710209961809329,-0.0685125581863714,-0.02950161120389893,0.3716253659720802,True,A. thaliana,OMalley2016,VIP1,bZIP,.
990,M00729_2.00,1,500,45,27655,0.36490255295151997,0.2976153406115257,0.13030287049527137,0.3716253659720802,True,A. thaliana,Chang2013,AT3G24120,Myb/SANT,G2-like
991,M01258_2.00,1,500,47,27655,0.3674685851142631,0.23487958526356323,0.10212089507064696,0.3716253659720802,True,A. thaliana,TF_Evolution,AT3G10030,Trihelix,MADF
992,M02273_2.00,1,500,61,27655,0.36942438052403603,-0.14126890062168584,-0.061095189570123554,0.3716253659720802,True,Oryza sativa,Zoo_01,OS04G0486400,Trihelix,MADF
993,M07340_2.00,1,500,55,27655,0.3716253659720802,0.008108723416540937,0.003485896815902964,0.3716253659720802,True,A. thaliana,OMalley2016,AT3G51470,Unknown,.
994,M02726_2.00,1,500,50,27655,0.3701068717713679,0.14561224716647592,0.06285685391677809,0.3716253659720802,True,A. thaliana,JASPAR,ZAP1,WRKY,.
995,M00980_2.00,1,500,51,27655,0.3706849919658865,0.11704309496970487,0.05044498836827024,0.3716253659720802,True,A. thaliana,Lindemose2014,NAC105,NAC/NAM,.
996,M02555_2.00,1,500,69,27655,0.36110429597925536,-0.31905601983696846,-0.14113996434905085,0.3716253659720802,True,A. thaliana,Zoo_01,WRKY43,WRKY,.
997,M01094_2.00,1,500,42,27655,0.3597282545263442,0.39715101416244036,0.1763451576143952,0.3716253659720802,True,A. thaliana,TF_Evolution,TINY,AP2,DREB
998,M06679_2.00,1,500,69,27655,0.36110429597925536,-0.31905601983696846,-0.14113996434905085,0.3716253659720802,True,A. thaliana,OMalley2016,DREB1D,AP2,DREB
999,M06642_2.00,1,500,60,27655,0.37006003358710937,-0.11742215866731794,-0.05069441212240266,0.3716253659720802,True,A. thaliana,OMalley2016,DREB1A,AP2,DREB
1000,M02265_2.00,1,500,61,27655,0.36942438052403603,-0.14126890062168584,-0.061095189570123554,0.3716253659720802,True,A. thaliana,Zoo_01,GT-4,Trihelix,MADF
1001,M07181_2.00,1,500,54,27655,0.37158647346182294,0.03458093477773219,0.014867730682090203,0.3716253659720802,True,A. thaliana,OMalley2016,NAC029,NAC/NAM,.
1002,M01264_2.00,1,500,61,27655,0.36942438052403603,-0.14126890062168584,-0.061095189570123554,0.3716253659720802,True,C. sativa,TF_Evolution,PK20543.1,Trihelix,MADF
1003,M02313_2.00,1,500,49,27655,0.36938159500586254,0.17475859282599243,0.07558741627626309,0.3716253659720802,True,A. thaliana,Zoo_01,ARR18,Myb/SANT,ARR-B
1004,M01640_2.00,1,500,68,27655,0.3624265552626149,-0.29799440430913876,-0.1313499701790842,0.3716253659720802,True,P. patens,Zoo_01,estExt_gwp_gw1.C_550163,AP2,DREB
1005,M06666_2.00,1,500,60,27655,0.37006003358710937,-0.11742215866731794,-0.05069441212240266,0.3716253659720802,True,A. thaliana,OMalley2016,RAP2-11,AP2,ERF
1006,M01635_2.00,1,500,48,27655,0.36850395040044914,0.20450593622004437,0.08866515444889918,0.3716253659720802,True,Oryza sativa,Zoo_01,DREB1G,AP2,DREB
1007,M09452_2.00,1,500,51,27655,0.3706849919658865,0.11704309496970487,0.05044498836827024,0.3716253659720802,True,A. thaliana,HOMER,PIF5,bHLH,.
1008,M07049_2.00,1,500,67,27655,0.3636747469918428,-0.276620753516572,-0.12151586073792617,0.3716253659720802,True,A. thaliana,OMalley2016,AtMYB81,Myb/SANT,R2R3-MYB
1009,M06753_2.00,1,500,64,27655,0.36694274821486383,-0.21053156305879944,-0.09166579850526888,0.3716253659720802,True,A. thaliana,OMalley2016,VIP1,bZIP,.
1010,M07274_2.00,1,500,67,27655,0.3636747469918428,-0.276620753516572,-0.12151586073792617,0.3716253659720802,True,A. thaliana,OMalley2016,TCP3,TCP,.
1011,M06746_2.00,1,500,50,27655,0.3701068717713679,0.14561224716647592,0.06285685391677809,0.3716253659720802,True,A. thaliana,OMalley2016,AtbZIP52,bZIP,.
1012,M06747_2.00,1,500,53,27655,0.37141992037355825,0.061547982378001416,0.026473929548799537,0.3716253659720802,True,A. thaliana,OMalley2016,AtbZIP52,bZIP,.
1013,M01088_2.00,1,500,44,27655,0.3633604415739483,0.3300368183039033,0.14510476488687088,0.3716253659720802,True,A. thaliana,Stam_Arabidopsis,AT2G42040,WRC,.
1014,M06744_2.00,1,500,45,27655,0.36490255295151997,0.2976153406115257,0.13030287049527137,0.3716253659720802,True,A. thaliana,OMalley2016,AT1G06070,bZIP,.
1015,M01159_2.00,1,500,67,27655,0.3636747469918428,-0.276620753516572,-0.12151586073792617,0.3716253659720802,True,C. sativa,TF_Evolution,PK20942.1,bZIP,.
1016,M07360_2.00,1,500,70,27655,0.3597110509629411,-0.33981458000376596,-0.1508933796421427,0.3716253659720802,True,A. thaliana,OMalley2016,ATMYB119,C2H2 ZF,.
1017,M06959_2.00,1,500,69,27655,0.36110429597925536,-0.31905601983696846,-0.14113996434905085,0.3716253659720802,True,A. thaliana,OMalley2016,LBD16,LOB,.
1018,M07176_2.00,1,500,54,27655,0.37158647346182294,0.03458093477773219,0.014867730682090203,0.3716253659720802,True,A. thaliana,OMalley2016,NAC018,NAC/NAM,.
1019,M01134_2.00,1,500,68,27655,0.3624265552626149,-0.29799440430913876,-0.1313499701790842,0.3716253659720802,True,A. thaliana,TF_Evolution,TGA1,bZIP,.
1020,M01065_2.00,1,500,55,27655,0.3716253659720802,0.008108723416540937,0.003485896815902964,0.3716253659720802,True,A. thaliana,Stam_Arabidopsis,ATHB-4,Homeodomain,HD-ZIP
1021,M00971_2.00,1,500,48,27655,0.36850395040044914,0.20450593622004437,0.08866515444889918,0.3716253659720802,True,A. thaliana,Lindemose2014,NAC012,NAC/NAM,.
