,Motif_ID,x,N,n,M,pvalues,FoldEn,SScore,FDR,clasification,speciesOrigin,Bibliography,tf,tffamily,tfsubfamily
0,M07398_2.00,67,499,1785,27655,6.0852017393039204e-09,1.056737547807337,8.681865110325074,3.2352989247299176e-06,True,A. thaliana,OMalley2016,WRKY45,WRKY,.
1,M07425_2.00,99,499,3088,27655,4.364262638257117e-09,0.8292562990775563,6.9326565650697995,3.2352989247299176e-06,True,A. thaliana,OMalley2016,WRKY50,WRKY,.
2,M07411_2.00,89,499,2648,27655,3.41051892058461e-09,0.8974027404252073,7.598470119982593,3.2352989247299176e-06,True,A. thaliana,OMalley2016,WRKY29,WRKY,.
3,M02562_2.00,98,499,3158,27655,2.5590292271368677e-08,0.7822711045209982,5.93894336269592,6.802752695472173e-06,True,A. thaliana,Zoo_01,WRKY75,WRKY,.
4,M01089_2.00,99,499,3197,27655,2.3785288029419354e-08,0.7792103075651162,5.940459064804473,6.802752695472173e-06,True,A. thaliana,Stam_Arabidopsis,WRKY23,WRKY,.
5,M07421_2.00,72,499,2044,27655,2.0296272405570495e-08,0.965102236770718,7.424129751708822,6.802752695472173e-06,True,A. thaliana,OMalley2016,WRKY75,WRKY,.
6,M07391_2.00,83,499,2522,27655,3.008839890258375e-08,0.867043587284732,6.521555845367737,6.8558566070887255e-06,True,A. thaliana,OMalley2016,WRKY33,WRKY,.
7,M07381_2.00,81,499,2497,27655,8.069280523028403e-08,0.8462266132224395,6.002425152646759,1.4622264454678967e-05,True,A. thaliana,OMalley2016,WRKY3,WRKY,.
8,M07387_2.00,82,499,2541,27655,8.250807529285937e-08,0.838728060830756,5.941133191155076,1.4622264454678967e-05,True,A. thaliana,OMalley2016,WRKY25,WRKY,.
9,M02556_2.00,73,499,2195,27655,1.4587508683230757e-07,0.8821760507233237,6.0305721315523675,2.3267076349753057e-05,True,A. thaliana,Zoo_01,WRKY23,WRKY,.
10,M07382_2.00,89,499,2889,27655,1.6433347096244132e-07,0.7717356586678095,5.235666142149068,2.3828353289553993e-05,True,A. thaliana,OMalley2016,WRKY59,WRKY,.
11,M01325_2.00,99,499,3343,27655,1.8921489514385148e-07,0.7147856967282333,4.8055361747201255,2.5006990088672968e-05,True,C. sativa,TF_Evolution,PK25870.1,WRKY,.
12,M07390_2.00,67,499,1965,27655,2.0381872799545366e-07,0.9181323095778307,6.142999179325012,2.5006990088672968e-05,True,A. thaliana,OMalley2016,WRKY21,WRKY,.
13,M07385_2.00,66,499,1932,27655,2.357313978832411e-07,0.9208714567887073,6.1031516147806215,2.650506616148415e-05,True,A. thaliana,OMalley2016,WRKY17,WRKY,.
14,M07419_2.00,82,499,2612,27655,2.4926394509232745e-07,0.79896953933768,5.275867945894387,2.650506616148415e-05,True,A. thaliana,OMalley2016,WRKY26,WRKY,.
15,M02567_2.00,92,499,3066,27655,3.0868015331313914e-07,0.7337766906642623,4.777246755370305,3.077155278340356e-05,True,A. thaliana,Zoo_01,WRKY2,WRKY,.
16,M07426_2.00,69,499,2082,27655,3.653174251287739e-07,0.877126819744779,5.646354450271914,3.4275370181199665e-05,True,A. thaliana,OMalley2016,WRKY24,WRKY,.
17,M07409_2.00,72,499,2212,27655,3.8793517364180526e-07,0.8511460474736325,5.456902301752384,3.4375366775482194e-05,True,A. thaliana,OMalley2016,WRKY31,WRKY,.
18,M07400_2.00,58,499,1640,27655,4.387050530906316e-07,0.9708576118881531,6.1725450907086845,3.682813471997671e-05,True,A. thaliana,OMalley2016,WRKY22,WRKY,.
19,M07418_2.00,69,499,2107,27655,5.521889751562206e-07,0.8599065742268899,5.381219900710236,4.0231978563475173e-05,True,A. thaliana,OMalley2016,WRKY26,WRKY,.
20,M02564_2.00,102,499,3584,27655,7.269439825007798e-07,0.6574271361799185,4.035615853582729,4.0231978563475173e-05,True,A. thaliana,Zoo_01,WRKY8,WRKY,.
21,M07374_2.00,70,499,2157,27655,6.256972529693838e-07,0.8468292720505394,5.25342034769875,4.0231978563475173e-05,True,A. thaliana,OMalley2016,WRKY71,WRKY,.
22,M07406_2.00,82,499,2688,27655,7.567143303474955e-07,0.7575912981053504,4.637267883322908,4.0231978563475173e-05,True,A. thaliana,OMalley2016,WRKY28,WRKY,.
23,M07389_2.00,64,499,1915,27655,7.38523189843246e-07,0.8892280394537074,5.4524225372459965,4.0231978563475173e-05,True,A. thaliana,OMalley2016,WRKY21,WRKY,.
24,M07410_2.00,76,499,2418,27655,6.684106924478794e-07,0.800685700460489,4.944199459704651,4.0231978563475173e-05,True,A. thaliana,OMalley2016,WRKY29,WRKY,.
25,M00982_2.00,100,499,3472,27655,5.631452671911121e-07,0.6746616735962726,4.216216873866949,4.0231978563475173e-05,True,A. thaliana,Lindemose2014,ZAP1,WRKY,.
26,M07397_2.00,62,499,1830,27655,7.128112067254427e-07,0.9089250934814973,5.58718570994737,4.0231978563475173e-05,True,A. thaliana,OMalley2016,WRKY45,WRKY,.
27,M08180_2.00,77,499,2455,27655,6.088687218398021e-07,0.7976359477588729,4.957687357630918,4.0231978563475173e-05,True,A. thaliana,JASPAR,WRKY40,WRKY,.
28,M02548_2.00,95,499,3258,27655,6.636600277114442e-07,0.6924414360714571,4.277940818732956,4.0231978563475173e-05,True,A. thaliana,Zoo_01,WRKY40,WRKY,.
29,M07384_2.00,79,499,2546,27655,6.481366278362683e-07,0.7821207605417719,4.840024052493323,4.0231978563475173e-05,True,A. thaliana,OMalley2016,WRKY15,WRKY,.
30,M07414_2.00,77,499,2476,27655,8.313023931792097e-07,0.7853476577466637,4.775103003724665,4.277184893938192e-05,True,A. thaliana,OMalley2016,WRKY20,WRKY,.
31,M02552_2.00,78,499,2522,27655,8.620064404708957e-07,0.7774063748000555,4.714572788918591,4.2965633517221205e-05,True,A. thaliana,Zoo_01,WRKY25,WRKY,.
32,M02369_2.00,96,499,3327,27655,8.97098780457427e-07,0.6773130661043171,4.095820300466183,4.335977438877564e-05,True,A. thaliana,Zoo_01,NAC029,NAC/NAM,.
33,M07402_2.00,55,499,1570,27655,1.140963758248052e-06,0.9571675860116973,5.68818675800461,5.3524623364871845e-05,True,A. thaliana,OMalley2016,WRKY47,WRKY,.
34,M07420_2.00,73,499,2332,27655,1.2823007192284585e-06,0.7948292019455478,4.683141696878098,5.843627563341118e-05,True,A. thaliana,OMalley2016,WRKY75,WRKY,.
35,M07392_2.00,66,499,2036,27655,1.3556388564816764e-06,0.8452289895487851,4.959681990543715,5.936589944575181e-05,True,A. thaliana,OMalley2016,WRKY55,WRKY,.
36,M02547_2.00,99,499,3499,27655,1.377139987142832e-06,0.6489863871057873,3.80372343489293,5.936589944575181e-05,True,A. thaliana,Zoo_01,WRKY57,WRKY,.
37,M07393_2.00,72,499,2302,27655,1.5600831619699583e-06,0.7936095995761089,4.608373689299138,6.548243798268641e-05,True,A. thaliana,OMalley2016,WRKY43,WRKY,.
38,M07429_2.00,54,499,1550,27655,1.663447019774555e-06,0.9491917182678956,5.485370422495123,6.803071786001064e-05,True,A. thaliana,OMalley2016,WRKY8,WRKY,.
39,M07415_2.00,62,499,1885,27655,1.8014400509218383e-06,0.8662042184968757,4.9758063497067635,7.068940623207839e-05,True,A. thaliana,OMalley2016,WRKY11,WRKY,.
40,M02561_2.00,68,499,2140,27655,1.8170944548684726e-06,0.8164244762278572,4.6867847152768105,7.068940623207839e-05,True,A. thaliana,Zoo_01,WRKY62,WRKY,.
41,M02568_2.00,90,499,3122,27655,2.085681994960965e-06,0.675954990617793,3.8399326026550358,7.920625671339856e-05,True,A. thaliana,Zoo_01,WRKY51,WRKY,.
42,M07376_2.00,61,499,1855,27655,2.1899220340354107e-06,0.8658905823207477,4.900569529087029,7.993071453170816e-05,True,A. thaliana,OMalley2016,WRKY14,WRKY,.
43,M07424_2.00,64,499,1982,27655,2.204985228460915e-06,0.8396154690795387,4.749364089679014,7.993071453170816e-05,True,A. thaliana,OMalley2016,WRKY50,WRKY,.
44,M02560_2.00,90,499,3133,27655,2.3899329724433446e-06,0.6708807582246482,3.77143284995049,8.47098464677141e-05,True,A. thaliana,Zoo_01,WRKY18,WRKY,.
45,M07427_2.00,62,499,1910,27655,2.6942092395816238e-06,0.8471961037297912,4.718516884150368,9.239815331229646e-05,True,A. thaliana,OMalley2016,WRKY24,WRKY,.
46,M07380_2.00,77,499,2560,27655,2.722704204186792e-06,0.737215162073566,4.102602036379718,9.239815331229646e-05,True,A. thaliana,OMalley2016,WRKY40,WRKY,.
47,M02554_2.00,80,499,2696,27655,2.827888631807524e-06,0.717680029971531,3.9820747013751374,9.396838266110418e-05,True,A. thaliana,Zoo_01,WRKY33,WRKY,.
48,M07388_2.00,71,499,2302,27655,2.9321723719991714e-06,0.7734317176384786,4.2792511304331144,9.544520272119753e-05,True,A. thaliana,OMalley2016,WRKY25,WRKY,.
49,M07401_2.00,61,499,1885,27655,3.5415973351448844e-06,0.8427452456728867,4.593636474320558,0.00011297695499112182,True,A. thaliana,OMalley2016,WRKY22,WRKY,.
50,M07378_2.00,69,499,2231,27655,3.6882935747577685e-06,0.7774063748000555,4.223784505679597,0.00011534957356350276,True,A. thaliana,OMalley2016,WRKY6,WRKY,.
51,M07383_2.00,54,499,1598,27655,3.888864688417763e-06,0.9051925255015187,4.8972519338433615,0.00011703281467974211,True,A. thaliana,OMalley2016,WRKY15,WRKY,.
52,M07339_2.00,54,499,1597,27655,3.822733157693503e-06,0.9060956210182629,4.908887209813039,0.00011703281467974211,True,A. thaliana,OMalley2016,AT3G42860,Unknown,.
53,M07416_2.00,82,499,2812,27655,3.979453975852253e-06,0.6925278418115755,3.739772586462597,0.00011754127947193231,True,A. thaliana,OMalley2016,WRKY18,WRKY,.
54,M07379_2.00,75,499,2502,27655,4.108498035015237e-06,0.7323093325960881,3.944450146201183,0.00011914644301544186,True,A. thaliana,OMalley2016,WRKY40,WRKY,.
55,M02551_2.00,72,499,2373,27655,4.297837365573983e-06,0.7497853325143915,4.023910450267233,0.00012241161782304468,True,A. thaliana,Zoo_01,WRKY60,WRKY,.
56,M07403_2.00,65,499,2083,27655,5.322022549364639e-06,0.7902774052538347,4.167862412875032,0.00014892326256555437,True,A. thaliana,OMalley2016,WRKY47,WRKY,.
57,M07431_2.00,65,499,2090,27655,5.891446126154407e-06,0.7854373023262364,4.107662794251965,0.0001620147684692462,True,A. thaliana,OMalley2016,WRKY27,WRKY,.
58,M01324_2.00,95,499,3446,27655,6.3239865970407545e-06,0.6115053383720267,3.1792217939305614,0.00017096201054711871,True,C. sativa,TF_Evolution,PK05432.1,WRKY,.
59,M02558_2.00,63,499,2013,27655,6.7561038597368426e-06,0.7945051828446038,4.107833072832903,0.00017959976093800438,True,A. thaliana,Zoo_01,WRKY29,WRKY,.
60,M07417_2.00,80,499,2769,27655,7.175796409449292e-06,0.6791354727864589,3.4935610859543695,0.00018762943070609216,True,A. thaliana,OMalley2016,WRKY18,WRKY,.
61,M07375_2.00,61,499,1943,27655,8.562804186691728e-06,0.7990238682435685,4.048960755380268,0.00022028504318989203,True,A. thaliana,OMalley2016,WRKY14,WRKY,.
62,M02553_2.00,96,499,3522,27655,8.72556830273315e-06,0.5951400231559748,3.0109361411576683,0.00022090922925173612,True,A. thaliana,Zoo_01,WRKY21,WRKY,.
63,1.WRKY33.1MEME,68,499,2253,27655,9.220553038092917e-06,0.7421879592809385,3.7370967486855484,0.0002297934702462219,True,.,.,1.WRKY33.1MEME,.,.
64,M07394_2.00,60,499,1910,27655,9.922110657861825e-06,0.7998903889514345,4.002168319514886,0.0002434733307583017,True,A. thaliana,OMalley2016,WRKY43,WRKY,.
65,M07373_2.00,50,499,1490,27655,1.0292866371500387e-05,0.8951162906912279,4.464359976195594,0.0002450316695901958,True,A. thaliana,OMalley2016,WRKY65,WRKY,.
66,M02570_2.00,76,499,2617,27655,1.019789523690895e-05,0.6865860206615779,3.4270868812983677,0.0002450316695901958,True,O. tauri,Zoo_01,fgenesh1_pg.C_Chr_11.0001000193,WRKY,.
67,M02566_2.00,67,499,2224,27655,1.129358020581264e-05,0.7395048340002919,3.6584549164481666,0.00026490088865104645,True,A. thaliana,Zoo_01,WRKY27,WRKY,.
68,M02550_2.00,89,499,3249,27655,1.556698013162994e-05,0.6023101189029415,2.8957839568927266,0.0003598454102891269,True,A. thaliana,Zoo_01,WRKY17,WRKY,.
69,M00732_2.00,80,499,2844,27655,1.7531306264265554e-05,0.640579061533974,3.0467129870835605,0.00038304703413018573,True,A. thaliana,Chang2013,WRKY47,WRKY,.
70,M07430_2.00,50,499,1520,27655,1.686405713741348e-05,0.8663572977098039,4.13515624725391,0.00038304703413018573,True,A. thaliana,OMalley2016,WRKY27,WRKY,.
71,M00731_2.00,92,499,3400,27655,1.748123899655379e-05,0.5845996412979757,2.7811905793292424,0.00038304703413018573,True,A. thaliana,Chang2013,WRKY14,WRKY,.
72,M02559_2.00,86,499,3119,27655,1.7237069031829357e-05,0.611753633593973,2.9141108110140426,0.00038304703413018573,True,A. thaliana,Zoo_01,WRKY11,WRKY,.
73,M02555_2.00,91,499,3373,27655,2.1523110390441804e-05,0.5803347534465966,2.708477406895386,0.0004639102847669551,True,A. thaliana,Zoo_01,WRKY43,WRKY,.
74,M07399_2.00,47,499,1412,27655,2.2293364596589314e-05,0.8834211946724839,4.109520252292555,0.0004741055537541327,True,A. thaliana,OMalley2016,WRKY70,WRKY,.
75,M02546_2.00,74,499,2594,27655,2.310291612169109e-05,0.6608473176432773,3.063908358029725,0.00048485725281706963,True,A. thaliana,Zoo_01,WRKY63,WRKY,.
76,M00899_2.00,84,499,3065,27655,2.628859863506448e-05,0.6030027804666434,2.7618929713901674,0.0005445495431549071,True,A. thaliana,Franco_Zorrilla2014,WRKY45,WRKY,.
77,M00722_2.00,107,499,4157,27655,2.6785478351824133e-05,0.5124966700428015,2.343186329176909,0.0005477286919379422,True,A. thaliana,Chang2013,PIF3,bHLH,.
78,M07423_2.00,48,499,1467,27655,2.761250311295208e-05,0.8586660613137934,3.914567745687846,0.0005574929425969439,True,A. thaliana,OMalley2016,WRKY30,WRKY,.
79,M02549_2.00,93,499,3499,27655,2.9751395854265884e-05,0.558788578134209,2.52935239380994,0.000593168454844426,True,A. thaliana,Zoo_01,WRKY15,WRKY,.
80,M08148_2.00,111,499,4364,27655,3.025855409830752e-05,0.49533719629252565,2.2385039963649107,0.0005958320220592654,True,A. thaliana,JASPAR,PI,MADS box,.
81,M07372_2.00,64,499,2168,27655,3.088753890588439e-05,0.7102076749121554,3.203190511988493,0.000600332261105312,True,A. thaliana,OMalley2016,WRKY65,WRKY,.
82,M07422_2.00,49,499,1517,27655,3.123986060924194e-05,0.8400611901342017,3.784720045932452,0.000600332261105312,True,A. thaliana,OMalley2016,WRKY30,WRKY,.
83,M00901_2.00,70,499,2443,27655,3.31180688589229e-05,0.6672015849437372,2.9890197292472673,0.0006288490455950242,True,A. thaliana,Franco_Zorrilla2014,WRKY38,WRKY,.
84,M00898_2.00,69,499,2407,27655,3.697399333180764e-05,0.6678607465696992,2.9600280468457663,0.0006938061101674492,True,A. thaliana,Franco_Zorrilla2014,WRKY12,WRKY,.
85,M07160_2.00,117,499,4695,27655,4.209397668448094e-05,0.46581199330829487,2.0382908244941795,0.000780696428043571,True,A. thaliana,OMalley2016,NAC002,NAC/NAM,.
86,M02565_2.00,83,499,3069,27655,4.485618419440372e-05,0.5838432171464669,2.53865404164893,0.0008223633768974015,True,A. thaliana,Zoo_01,WRKY48,WRKY,.
87,M08144_2.00,110,499,4362,27655,4.568439204765463e-05,0.48294237514993615,2.0960820232989135,0.0008280296058637402,True,A. thaliana,JASPAR,AP1,MADS box,.
88,M07377_2.00,52,499,1673,27655,4.714767129917605e-05,0.7845747043687663,3.3944936475820495,0.0008449498395751213,True,A. thaliana,OMalley2016,WRKY6,WRKY,.
89,M07412_2.00,37,499,1059,27655,5.9646502517677675e-05,0.9533232079026405,4.027232875425444,0.001057068572396621,True,A. thaliana,OMalley2016,WRKY7,WRKY,.
90,M07396_2.00,62,499,2133,27655,6.087112862892722e-05,0.6878847763123309,2.899839252637288,0.0010669170347597683,True,A. thaliana,OMalley2016,WRKY46,WRKY,.
91,M02721_2.00,33,499,904,27655,6.528434511884425e-05,1.0165718732092928,4.25454740177709,0.001131831852875615,True,A. thaliana,JASPAR,TCP16,TCP,.
92,M01090_2.00,83,499,3112,27655,6.937189848698288e-05,0.5637698026267597,2.3446151123133245,0.001189765355771373,True,A. thaliana,Stam_Arabidopsis,WRKY53,WRKY,.
93,M06849_2.00,95,499,3715,27655,9.258027887824204e-05,0.5030658291710163,2.02910672295657,0.0015709100511786815,True,A. thaliana,OMalley2016,CDF3,Dof,.
94,M07404_2.00,48,499,1551,27655,9.672873619174561e-05,0.7783362459510923,3.1245876511698953,0.0016240245707982554,True,A. thaliana,OMalley2016,WRKY42,WRKY,.
95,M02302_2.00,53,499,1773,27655,0.00010129219018158037,0.7283003499305376,2.9091404248433452,0.0016829275347877155,True,A. thaliana,Zoo_01,PHR1,Myb/SANT,G2-like
96,M07386_2.00,40,499,1215,27655,0.00010362621456780475,0.867544212660246,3.456756259359866,0.001697581384379117,True,A. thaliana,OMalley2016,WRKY17,WRKY,.
97,1-MYC2-1MEME,93,499,3632,27655,0.00010430280606216518,0.5049670400831435,2.0106292871929146,0.001697581384379117,True,.,.,1-MYC2-1MEME,.,.
98,M06829_2.00,103,499,4127,27655,0.0001131797433459544,0.4679795204422108,1.8467554290981818,0.00182345142057371,True,A. thaliana,OMalley2016,DOF1.5,Dof,.
99,M06865_2.00,98,499,3889,27655,0.00011882421658848718,0.48188304094702694,1.8914367340450864,0.0018952462545863706,True,A. thaliana,OMalley2016,DOF5.4,Dof,.
100,M06839_2.00,100,499,3992,27655,0.0001245745727025651,0.4733169007034911,1.8480992520390072,0.001967291519411795,True,A. thaliana,OMalley2016,DOF2.2,Dof,.
101,M06985_2.00,47,499,1529,27655,0.00013011133119768408,0.7685728765828598,2.9864320055211797,0.002034584051571629,True,A. thaliana,OMalley2016,SVP,MADS box,.
102,M06835_2.00,105,499,4246,27655,0.00013434624811045054,0.4547135780267718,1.760548416932292,0.002080410346953093,True,A. thaliana,OMalley2016,DOF1.8,Dof,.
103,M08425_2.00,69,499,2532,27655,0.00014841944070937533,0.5948194836158548,2.277271870894804,0.002276240460879362,True,A. thaliana,JASPAR,SOC1,MADS box,.
104,M01082_2.00,63,499,2257,27655,0.00015151156980063583,0.6294459365741074,2.404202872028613,0.00230153289363823,True,A. thaliana,Stam_Arabidopsis,MYB44,Myb/SANT,R2R3-MYB
105,M01283_2.00,55,499,1895,27655,0.00015304061361183003,0.6857342967322327,2.61620889562941,0.0023028281010459327,True,C. sativa,TF_Evolution,PK26523.1,Myb/SANT,G2-like
106,M06844_2.00,89,499,3492,27655,0.00016604663325986606,0.4982523036029846,1.883279072556982,0.002452262778235985,True,A. thaliana,OMalley2016,DOF2.5,Dof,.
107,M07251_2.00,58,499,2037,27655,0.00016565709943907122,0.6581074464277111,2.488166017603812,0.002452262778235985,True,A. thaliana,OMalley2016,NLP7,RWP-RK,.
108,M06862_2.00,97,499,3887,27655,0.00017558087133816023,0.4678281661139575,1.756939344358026,0.0025692797227923445,True,A. thaliana,OMalley2016,DOF4.7,Dof,.
109,M07302_2.00,80,499,3072,27655,0.00018420488036004616,0.5293223104322331,1.976859433421721,0.002646907965533997,True,A. thaliana,OMalley2016,NFYB4,NF-YB,.
110,M06863_2.00,102,499,4137,27655,0.00018276029644447568,0.4504128160023862,1.6836963207673215,0.002646907965533997,True,A. thaliana,OMalley2016,DOF5.1,Dof,.
111,M02284_2.00,73,499,2746,27655,0.00019426884923354288,0.5590653649989437,2.075025237830921,0.0027665965582812577,True,A. thaliana,Zoo_01,HRS1,Myb/SANT,G2-like
112,M06856_2.00,90,499,3562,27655,0.00019993518222691614,0.48573801149408274,1.796798713191407,0.0028220939438224004,True,A. thaliana,OMalley2016,DOF4.2,Dof,.
113,M01946_2.00,94,499,3762,27655,0.0002093224438980331,0.4696614344204692,1.7279709304628386,0.0029286780527838837,True,A. thaliana,Zoo_01,CDF2,Dof,.
114,M07413_2.00,43,499,1392,27655,0.00021544828225462094,0.7756779751193965,2.8441450494044873,0.002962413881001038,True,A. thaliana,OMalley2016,WRKY7,WRKY,.
115,M02297_2.00,69,499,2568,27655,0.00021389020917396558,0.574451685921893,2.1081280215233003,0.002962413881001038,True,A. thaliana,Zoo_01,ARR1,Myb/SANT,ARR-B
116,M07408_2.00,45,499,1480,27655,0.00021829436429963682,0.7528283520793896,2.7560725839279554,0.002975893256905305,True,A. thaliana,OMalley2016,WRKY31,WRKY,.
117,M01769_2.00,81,499,3154,27655,0.0002505196373870052,0.5092397743601415,1.8338530022330681,0.0033862612002735024,True,O. tauri,Zoo_01,fgenesh1_pg.C_Chr_14.0001000151,bHLH,.
118,M02292_2.00,75,499,2869,27655,0.0002540883985820003,0.5348431539932434,1.922769248936027,0.0034056386196494996,True,A. thaliana,Zoo_01,PHL7,Myb/SANT,G2-like
119,M08145_2.00,42,499,1365,27655,0.000269977517951792,0.7699889032375725,2.7478381470423057,0.003565269894212259,True,A. thaliana,JASPAR,AGL27,MADS box,.
120,M06991_2.00,64,499,2358,27655,0.00027046875059541276,0.5890087132862644,2.1015141191198934,0.003565269894212259,True,A. thaliana,OMalley2016,FLC,MADS box,.
121,M01772_2.00,87,499,3456,27655,0.0002785342115813732,0.4804127099512869,1.7079255319376974,0.003641492356330248,True,A. thaliana,Zoo_01,ABF1,bZIP,.
122,M07365_2.00,90,499,3606,27655,0.0002879651670245682,0.4680261311633602,1.6571214214060328,0.003704068075840212,True,A. thaliana,OMalley2016,AT5G63260,C3H,.
123,M06866_2.00,103,499,4245,27655,0.00028732817060051115,0.4273084050088444,1.5133647591946329,0.003704068075840212,True,A. thaliana,OMalley2016,DOF5.4,Dof,.
124,M01768_2.00,83,499,3268,27655,0.00029206367539530887,0.4932038794672683,1.743240186294203,0.0037267324980441406,True,C. sativa,Zoo_01,PK18474.1,bHLH,.
125,M01316_2.00,53,499,1861,27655,0.0002960765062556246,0.6584148307700748,2.323279972840841,0.003737748325693803,True,C. sativa,TF_Evolution,PK13314.1,TCP,.
126,M01699_2.00,76,499,2934,27655,0.00029761381652859746,0.5216310740362229,1.8394521265144232,0.003737748325693803,True,A. thaliana,Zoo_01,MYC2,bHLH,.
127,M01704_2.00,78,499,3032,27655,0.00030380948630126645,0.5117048969571835,1.7998701238006922,0.0037857510207071872,True,A. thaliana,Zoo_01,BHLH34,bHLH,.
128,M06864_2.00,101,499,4155,27655,0.00030757455185083426,0.4299354373601151,1.5099545808519181,0.0038029566682331833,True,A. thaliana,OMalley2016,DOF5.1,Dof,.
129,M07428_2.00,35,499,1075,27655,0.000310117189306514,0.8515187887341709,2.9875316677415564,0.003804899361106845,True,A. thaliana,OMalley2016,WRKY8,WRKY,.
130,M02563_2.00,76,499,2941,27655,0.000316849692102665,0.5181931608225486,1.813233894128125,0.003857826403845425,True,A. thaliana,Zoo_01,WRKY30,WRKY,.
131,M02512_2.00,42,499,1379,27655,0.0003263224316328554,0.755267397530807,2.633128811169227,0.00394306271556367,True,Oryza sativa,Zoo_01,OS02G0635800,TCP,.
132,M00849_2.00,73,499,2810,27655,0.000353493230664914,0.5258268600377559,1.8149539274203714,0.004207624648586103,True,A. thaliana,Franco_Zorrilla2014,ERF109,AP2,ERF
133,M06836_2.00,100,499,4124,27655,0.0003533126082138269,0.4263842886726434,1.4718107114839318,0.004207624648586103,True,A. thaliana,OMalley2016,DOF1.8,Dof,.
134,M07347_2.00,30,499,878,27655,0.0003700032389122087,0.9211701823391872,3.161266741563543,0.004369058947395138,True,A. thaliana,OMalley2016,BEH2,BES1,.
135,M02351_2.00,61,499,2250,27655,0.00037253417984058865,0.5873847677245138,2.0140447890963022,0.004369058947395138,True,C. sativa,Zoo_01,PK10342.1,Myb/SANT,G2-like
136,M01118_2.00,81,499,3204,27655,0.00038475249009361893,0.48654828674194167,1.6614741202729217,0.004479417676637388,True,C. sativa,TF_Evolution,PK01630.1,bHLH,.
137,M01617_2.00,80,499,3158,27655,0.0003924172698349442,0.48948935529315235,1.667324040656679,0.004535547430338667,True,A. thaliana,Zoo_01,ERF7,AP2,ERF
138,M06851_2.00,102,499,4241,27655,0.0004022957456486053,0.4145932906410881,1.4077326793141975,0.004616271325967809,True,A. thaliana,OMalley2016,DOF3.4,Dof,.
139,M02289_2.00,72,499,2778,27655,0.0004069782066335905,0.5224508337269469,1.7713323774328784,0.004636644568432692,True,A. thaliana,Zoo_01,HHO3,Myb/SANT,G2-like
140,M07338_2.00,48,499,1665,27655,0.0004182062446232283,0.6760127550285588,2.283983107214523,0.004730772767191838,True,A. thaliana,OMalley2016,ZHD9,Homeodomain,HD-ZF
141,M01707_2.00,75,499,2930,27655,0.00043802663767568124,0.5044904574522978,1.694330937999632,0.0048404421063654515,True,A. thaliana,Zoo_01,MYC4,bHLH,.
142,M07333_2.00,104,499,4353,27655,0.00043932442661939747,0.4050021296192184,1.3596790824787794,0.0048404421063654515,True,A. thaliana,OMalley2016,AT3G12130,C3H,.
143,M06843_2.00,95,499,3906,27655,0.00044004019148776835,0.43073609071018315,1.4457689857553409,0.0048404421063654515,True,A. thaliana,OMalley2016,DOF2.5,Dof,.
144,M07113_2.00,57,499,2079,27655,0.00043257487126587793,0.6035726875723989,2.03038152970889,0.0048404421063654515,True,A. thaliana,OMalley2016,HHO5,Myb/SANT,G2-like
145,M07348_2.00,30,499,892,27655,0.0004680650661047474,0.8983474119542406,2.9912217818686537,0.005063728587852911,True,A. thaliana,OMalley2016,BEH2,BES1,.
146,M01952_2.00,48,499,1675,27655,0.00046986321692929836,0.6673738367546861,2.2210391837319303,0.005063728587852911,True,P. patens,Zoo_01,e_gw1.170.52.1,Dof,.
147,M06847_2.00,99,499,4113,27655,0.0004690378770424376,0.4157379798452545,1.3839052965436103,0.005063728587852911,True,A. thaliana,OMalley2016,DOF3.2,Dof,.
148,M01217_2.00,91,499,3726,27655,0.0005015790710261755,0.4367393975230853,1.4410917795244307,0.005369252471723154,True,C. sativa,TF_Evolution,PK10955.1,Dof,.
149,M06867_2.00,104,499,4376,27655,0.0005161814446135205,0.39739941161456244,1.3063303965809796,0.0054887293610571,True,A. thaliana,OMalley2016,DOF5.6,Dof,.
150,M01311_2.00,61,499,2284,27655,0.0005210547555455682,0.5657471184660705,1.8574137764301806,0.005503856523809148,True,A. thaliana,TF_Evolution,TCP8,TCP,.
151,M02697_2.00,64,499,2430,27655,0.0005447199537564195,0.5456161177728837,1.7807964617030045,0.005715975830536113,True,Antirrhinum majus,JASPAR,squamosa,MADS box,.
152,M00841_2.00,76,499,3005,27655,0.0005496195903266157,0.48713495411106494,1.588029648624446,0.005729694422032366,True,A. thaliana,Franco_Zorrilla2014,RAP2-6,AP2,ERF
153,M07215_2.00,94,499,3889,27655,0.0005591411479511842,0.42176204850945614,1.3717720143988748,0.005791104746637264,True,A. thaliana,OMalley2016,NAC68,NAC/NAM,.
154,M00900_2.00,36,499,1159,27655,0.000568753540997418,0.7836168667018677,2.542896198354758,0.005852657405747624,True,A. thaliana,Franco_Zorrilla2014,WRKY18,WRKY,.
155,M06831_2.00,77,499,3059,27655,0.0005755678580467949,0.48029886540272587,1.5561219590969588,0.00588481239477332,True,A. thaliana,OMalley2016,DOF1.6,Dof,.
156,M02329_2.00,54,499,1970,27655,0.0005884801531885034,0.6032643040857569,1.9487054852500096,0.005978508562647535,True,Oryza sativa,Zoo_01,PHR1,Myb/SANT,G2-like
157,M07337_2.00,40,499,1339,27655,0.0006091081635400162,0.7273445658290787,2.338635040984321,0.006148908359786872,True,A. thaliana,OMalley2016,ZHD9,Homeodomain,HD-ZF
158,M02002_2.00,42,499,1430,27655,0.0006265298879704346,0.7028747073790357,2.251348599681682,0.006285001077439265,True,A. thaliana,Zoo_01,GATA9,GATA,.
159,M01939_2.00,40,499,1345,27655,0.0006571417763018371,0.7208943537094028,2.2941316027114405,0.006550882082508939,True,A. thaliana,Zoo_01,DOF1.8,Dof,.
160,M07285_2.00,25,499,708,27655,0.0006662294760914484,0.9686073559577543,3.0766613106329337,0.006600223691713417,True,A. thaliana,OMalley2016,TCP20,TCP,.
161,M07336_2.00,97,499,4065,27655,0.000676466813073615,0.4032299214907648,1.2781394568401188,0.0066194145205669686,True,A. thaliana,OMalley2016,MIP1B,Unknown,.
162,M07351_2.00,57,499,2123,27655,0.0006731842444620187,0.5733580745253911,1.818615015105861,0.0066194145205669686,True,A. thaliana,OMalley2016,GT-3A,Trihelix,.
163,1.HSF1b-NS,141,499,6310,27655,0.0006894802445397616,0.3084837787949092,0.9752647333886252,0.006649621441769711,True,.,.,1.HSF1b-NS,.,.
164,1-MYC3-1MEME,81,499,3277,27655,0.0006920609149428037,0.45404676160789187,1.4347222374822228,0.006649621441769711,True,.,.,1-MYC3-1MEME,.,.
165,M01128_2.00,81,499,3276,27655,0.0006867293358025784,0.454487077509643,1.4376400681721293,0.006649621441769711,True,C. sativa,TF_Evolution,PK20225.1,bHLH,.
166,M02309_2.00,46,499,1624,27655,0.0007369772666316313,0.6505827551378636,2.0379803477584444,0.007038794851960789,True,A. thaliana,Zoo_01,MYR1,Myb/SANT,G2-like
167,M06841_2.00,89,499,3683,27655,0.0007568536517451668,0.4214244653326868,1.3152607368442708,0.0071430862398434375,True,A. thaliana,OMalley2016,DOF2.4,Dof,.
168,M08143_2.00,81,499,3288,27655,0.0007530929726214513,0.4492121354689689,1.4029575120042657,0.0071430862398434375,True,A. thaliana,JASPAR,SEP3,MADS box,.
169,M01701_2.00,71,499,2804,27655,0.0007693166930274769,0.48883320176008593,1.5221751864956794,0.007218000737522504,True,A. thaliana,Zoo_01,BIM2,bHLH,.
170,M06833_2.00,100,499,4237,27655,0.0007851855939256727,0.3873854926768617,1.2028426764886164,0.007241529905283068,True,A. thaliana,OMalley2016,DOF1.7,Dof,.
171,M07395_2.00,41,499,1404,27655,0.0007854449364350914,0.69458150057955,2.1565951654794775,0.007241529905283068,True,A. thaliana,OMalley2016,WRKY46,WRKY,.
172,M06830_2.00,77,499,3097,27655,0.0007803853713477188,0.4624875892862653,1.437268463446377,0.007241529905283068,True,A. thaliana,OMalley2016,DOF1.5,Dof,.
173,M01756_2.00,70,499,2763,27655,0.0008170859450234969,0.4896198863985017,1.5118151183142563,0.0074471547560713,True,P. patens,Zoo_01,e_gw1.209.40.1,bHLH,.
174,M06855_2.00,106,499,4545,27655,0.0008155965797379827,0.37021259174775667,1.1434106983734382,0.0074471547560713,True,A. thaliana,OMalley2016,OBP3,Dof,.
175,M01710_2.00,88,499,3650,27655,0.0008523500299037363,0.41810758624858235,1.2833319073533058,0.007669103340303378,True,A. thaliana,Zoo_01,BIM1,bHLH,.
176,M01607_2.00,66,499,2576,27655,0.0008558623163473363,0.5058339575098635,1.5516942728798737,0.007669103340303378,True,A. thaliana,Zoo_01,ERF3,AP2,ERF
177,1.PIF5,80,499,3255,27655,0.0008507736022774004,0.44584298310039155,1.3688208821525025,0.007669103340303378,True,.,.,1.PIF5,.,.
178,M00886_2.00,54,499,2010,27655,0.0008784034215664189,0.5742644323632047,1.7551278194348165,0.007827114287142112,True,A. thaliana,Franco_Zorrilla2014,anac058,NAC/NAM,.
179,M06842_2.00,90,499,3763,27655,0.0009378620379228171,0.40654223852782045,1.230953406303909,0.00826644094005906,True,A. thaliana,OMalley2016,DOF2.4,Dof,.
180,M07353_2.00,46,499,1646,27655,0.0009380726082449466,0.6311700519014143,1.9110336740115623,0.00826644094005906,True,A. thaliana,OMalley2016,ZHD10,Homeodomain,HD-ZF
181,M01158_2.00,81,499,3318,27655,0.0009434450627603197,0.43610854819478856,1.31935194444357,0.008268103709355549,True,C. sativa,TF_Evolution,PK18009.1,bZIP,.
182,M07322_2.00,32,499,1027,27655,0.001005299441308403,0.7881362499478318,2.3625996294262137,0.008762036114136082,True,A. thaliana,OMalley2016,BEH4,BES1,.
183,M01315_2.00,55,499,2072,27655,0.0010144725602326528,0.5569081421041325,1.6672491498731978,0.00879393333462544,True,C. sativa,TF_Evolution,PK12736.1,TCP,.
184,M00891_2.00,45,499,1609,27655,0.0010312410858463418,0.6322612018722557,1.8883364647730239,0.00889097044283738,True,A. thaliana,Franco_Zorrilla2014,TCP23,TCP,.
185,M07405_2.00,40,499,1383,27655,0.0010424432991490249,0.6806993700028953,2.0298098240931046,0.008912184689062736,True,A. thaliana,OMalley2016,WRKY42,WRKY,.
186,M01900_2.00,61,499,2360,27655,0.001046664261000286,0.5185229095797097,1.5452981405660617,0.008912184689062736,True,A. thaliana,Zoo_01,CMTA3,CG-1,.
187,M06904_2.00,25,499,734,27655,0.0010504644022218145,0.916576653197539,2.7301323227466816,0.008912184689062736,True,A. thaliana,OMalley2016,HDG11,Homeodomain,HD-GL2
188,M01068_2.00,73,499,2943,27655,0.0010752577905551379,0.4591094482056492,1.3628606132169543,0.00907426548113992,True,A. thaliana,Stam_Arabidopsis,HRS1,Myb/SANT,G2-like
189,M01712_2.00,78,499,3190,27655,0.001091106214375741,0.43841822647604356,1.298653083601474,0.009159549536470036,True,A. thaliana,Zoo_01,MYC3,bHLH,.
190,ACGTGKV-ZAT6-DREME,79,499,3242,27655,0.0011134366977401584,0.43346908892558833,1.2801792015219147,0.00924964340049767,True,.,.,ACGTGKV-ZAT6-DREME,.,.
191,M06848_2.00,99,499,4244,27655,0.0011419136888973695,0.37050439543087177,1.0901598030368094,0.009434208112627678,True,A. thaliana,OMalley2016,DOF3.2,Dof,.
192,M06976_2.00,45,499,1619,27655,0.0011474836199685074,0.6233225422931359,1.8327262898399053,0.009434208112627678,True,A. thaliana,OMalley2016,AT3G58630,Trihelix,MADF
193,M06828_2.00,30,499,951,27655,0.001160639430161687,0.805945781013982,2.3656948104009072,0.009493435339014825,True,A. thaliana,OMalley2016,EICBP.B,CG-1,.
194,M01949_2.00,41,499,1438,27655,0.0011674320554550832,0.6600607604448128,1.9358053310485188,0.009500276165565601,True,A. thaliana,Zoo_01,DOF5.4,Dof,.
195,M01288_2.00,62,499,2423,27655,0.0011915994694381858,0.5039743372015557,1.4735552935302274,0.00959899572602983,True,O. tauri,TF_Evolution,e_gw1.09.00.361.1,Myb/SANT,MYB3R
196,M01782_2.00,50,499,1854,27655,0.0011874379547819126,0.5797873774152211,1.6961036588881324,0.00959899572602983,True,A. thaliana,Zoo_01,ABF3,bZIP,.
197,M07016_2.00,52,499,1951,27655,0.00122602014187174,0.5627983717980928,1.6385888073254486,0.00982664385068053,True,A. thaliana,OMalley2016,HHO3,Myb/SANT,G2-like
198,M02569_2.00,67,499,2671,27655,0.0012581953779037258,0.4752816460886895,1.3784365040281075,0.00996049602292647,True,O. tauri,Zoo_01,700010421,WRKY,.
199,M06702_2.00,112,499,4921,27655,0.001260474529093292,0.33497583719349183,0.9712510259286257,0.00996049602292647,True,A. thaliana,OMalley2016,REM19,B3,REM
200,M02503_2.00,44,499,1582,27655,0.0012614546687342615,0.6242544504305326,1.8097937758215341,0.00996049602292647,True,A. thaliana,Zoo_01,TCP2,TCP,.
201,M06852_2.00,85,499,3559,27655,0.0012792955874252649,0.4044914348939433,1.1702054910759137,0.010051608186912796,True,A. thaliana,OMalley2016,AT3G52440,Dof,.
202,M06834_2.00,92,499,3910,27655,0.0012862493274108208,0.3829657801283251,1.1070295449395005,0.01005670430009931,True,A. thaliana,OMalley2016,DOF1.7,Dof,.
203,M01317_2.00,42,499,1494,27655,0.0013114517763322178,0.6397097062555501,1.8438018130907206,0.010203734552438476,True,C. sativa,TF_Evolution,PK14653.1,TCP,.
204,M01077_2.00,65,499,2588,27655,0.0014067322653510753,0.47710262730197384,1.3605958103264997,0.01079397790279198,True,A. thaliana,Stam_Arabidopsis,PHL12,Myb/SANT,G2-like
205,M01071_2.00,61,499,2394,27655,0.001398043607713445,0.4978866168854112,1.421207032627261,0.01079397790279198,True,A. thaliana,Stam_Arabidopsis,AtMYB70,Myb/SANT,R2R3-MYB
206,M06978_2.00,53,499,2013,27655,0.0014076159271352552,0.5451457139078865,1.554491631654222,0.01079397790279198,True,A. thaliana,OMalley2016,AT5G05550,Trihelix,MADF
207,M07005_2.00,45,499,1640,27655,0.0014275058004017507,0.6047297130902558,1.7207113012833954,0.010842246436384725,True,A. thaliana,OMalley2016,MYB58,Myb/SANT,R2R3-MYB
208,M01711_2.00,69,499,2784,27655,0.0014214926665452841,0.4579376771954678,1.3038655134898771,0.010842246436384725,True,A. thaliana,Zoo_01,BIM3,bHLH,.
209,M01714_2.00,72,499,2936,27655,0.0014768382208187152,0.44264546486512674,1.2529819439820074,0.011061599905839733,True,A. thaliana,Zoo_01,ILR3,bHLH,.
210,M02504_2.00,52,499,1971,27655,0.0014771917115635506,0.5480843733636334,1.5513874236556462,0.011061599905839733,True,A. thaliana,Zoo_01,TCP19,TCP,.
211,M10470_2.00,42,499,1505,27655,0.0014764470733760527,0.6291263673977229,1.7809196699735197,0.011061599905839733,True,Nicotiana tabacum,Transfac,Q9ZWK1_TOBAC,EIN3,.
212,M07407_2.00,41,499,1460,27655,0.0014891250156933412,0.6381560671167311,1.8041111328056727,0.011098852336592894,True,A. thaliana,OMalley2016,WRKY28,WRKY,.
213,M09540_2.00,51,499,1926,27655,0.0015075015260903285,0.5533900703940633,1.5615241365717685,0.011183557833088715,True,A. thaliana,HOMER,FHY3,FAR1,.
214,M06979_2.00,49,499,1833,27655,0.001522917255054241,0.5670754898413495,1.5976352130373015,0.011245615841719974,True,A. thaliana,OMalley2016,AT5G05550,Trihelix,MADF
215,1.PIF4.MEME,73,499,2991,27655,0.0015413772343921544,0.43576908002669223,1.2254223340287838,0.011329477828827126,True,.,.,1.PIF4.MEME,.,.
216,M07198_2.00,113,499,5009,27655,0.0015561155735325538,0.3222287824233132,0.9048049360491538,0.011385341008185427,True,A. thaliana,OMalley2016,NAC047,NAC/NAM,.
217,M02515_2.00,42,499,1511,27655,0.0015734457510684227,0.6233861938799581,1.7474439034914977,0.011459570652758605,True,V. vinifera,Zoo_01,VIT_15s0048g01150,TCP,.
218,M06698_2.00,43,499,1559,27655,0.0016054879278558614,0.6122162582703402,1.7107727994605681,0.011587118755339814,True,A. thaliana,OMalley2016,HMGB9,HMGBox,.
219,M06949_2.00,68,499,2751,27655,0.0016039455761373872,0.45407913320015564,1.2690650711548759,0.011587118755339814,True,A. thaliana,OMalley2016,HSFA1B,HSF,.
220,M02046_2.00,38,499,1333,27655,0.001656390539648167,0.6598231646206394,1.8348608402666322,0.011900643742066787,True,A. thaliana,Zoo_01,ANL2,Homeodomain,HD-GL2
221,M01062_2.00,93,499,4006,27655,0.0017177077807493826,0.3635688215613506,1.005286230775921,0.012285847131368903,True,A. thaliana,Stam_Arabidopsis,DOF1.8,Dof,.
222,M02513_2.00,37,499,1294,27655,0.001779214932705274,0.6641881799024693,1.8263657842611523,0.012668963471718357,True,Oryza sativa,Zoo_01,OsI_08196,TCP,.
223,ACGTGB-ANAC102-DREME,89,499,3811,27655,0.0017935808431274738,0.3721362544202568,1.0219899967796973,0.012714495310170316,True,.,.,ACGTGB-ANAC102-DREME,.,.
224,M06868_2.00,90,499,3863,27655,0.0018112348029656776,0.36870385036377057,1.0109952657816996,0.012782829693496707,True,A. thaliana,OMalley2016,DOF5.8,Dof,.
225,M07085_2.00,75,499,3118,27655,0.0018821463515756116,0.41477019406412324,1.130392542242312,0.013014139881308574,True,A. thaliana,OMalley2016,AT3G24120,Myb/SANT,G2-like
226,M01703_2.00,70,499,2871,27655,0.0018848064655688282,0.43430211800381163,1.1833574158692446,0.013014139881308574,True,A. thaliana,Zoo_01,PIF1,bHLH,.
227,M02704_2.00,43,499,1574,27655,0.0018706777099689318,0.5984016454606385,1.6324403043055373,0.013014139881308574,True,Petunia x hybrida,JASPAR,myb.Ph3,Myb/SANT,R2R3-MYB
228,M01223_2.00,68,499,2772,27655,0.0018760919113741134,0.4431080153791526,1.2082429593054012,0.013014139881308574,True,C. sativa,TF_Evolution,PK23009.1,Dof,.
229,M01709_2.00,86,499,3666,27655,0.0018632367765441765,0.3786304004282392,1.0335595021572188,0.013014139881308574,True,A. thaliana,Zoo_01,SPT,bHLH,.
230,M01099_2.00,60,499,2383,27655,0.0018939012819755398,0.4806840756842743,1.308730971392611,0.013020571313581837,True,C. sativa,TF_Evolution,PK17878.1,AP2,ERF
231,M06747_2.00,24,499,729,27655,0.001905495974127703,0.8675442126602461,2.359713287244999,0.013044060423749728,True,A. thaliana,OMalley2016,AtbZIP52,bZIP,.
232,M01702_2.00,61,499,2433,27655,0.0019166772237535796,0.474573448890484,1.2896301017666365,0.01306453064908957,True,A. thaliana,Zoo_01,AT2G18300,bHLH,.
233,M01708_2.00,72,499,2976,27655,0.0019710020213011418,0.42312290660030805,1.1446798703500587,0.01327052920060272,True,A. thaliana,Zoo_01,BEE2,bHLH,.
234,M01629_2.00,69,499,2828,27655,0.0019718591978325046,0.4353147682347971,1.1775804703893262,0.01327052920060272,True,A. thaliana,Zoo_01,ERF113,AP2,ERF
235,M01086_2.00,38,499,1348,27655,0.0019556706720808073,0.6436794485277543,1.7435372752587877,0.01327052920060272,True,A. thaliana,Stam_Arabidopsis,TCP9,TCP,.
236,M02514_2.00,36,499,1261,27655,0.0020450978888867217,0.6619291573801197,1.780116749473208,0.01365140987692814,True,A. lyrata,Zoo_01,TCP4,TCP,.
237,M02310_2.00,62,499,2490,27655,0.0020455717621227745,0.46462299969745896,1.2494573315879811,0.01365140987692814,True,A. thaliana,Zoo_01,PHL1,Myb/SANT,G2-like
238,MACCR-TCP4-1DREME,96,499,4188,27655,0.0020549032456971907,0.3452734900563748,0.9278218993894152,0.013656544487029246,True,.,.,MACCR-TCP4-1DREME,.,.
239,M07278_2.00,27,499,864,27655,0.002111190002874587,0.792356716266027,2.119928746629077,0.0139723985667426,True,A. thaliana,OMalley2016,TCP15,TCP,.
240,M07112_2.00,53,499,2060,27655,0.0021288754305626182,0.5118485487586454,1.367582417146802,0.014031224428708166,True,A. thaliana,OMalley2016,HHO5,Myb/SANT,G2-like
241,M01628_2.00,44,499,1635,27655,0.002155293661171971,0.5767134145178794,1.537802599066193,0.014146886376828368,True,A. thaliana,Zoo_01,ERF106,AP2,ERF
242,M07126_2.00,41,499,1497,27655,0.0021931310660079704,0.6020502148256939,1.6008126367358142,0.01421901230100937,True,A. thaliana,OMalley2016,AtMYB40,Myb/SANT,R2R3-MYB
243,M01776_2.00,79,499,3339,27655,0.0021767838224680067,0.3909370863800143,1.0407467295652657,0.01421901230100937,True,A. thaliana,Zoo_01,ABI5,bZIP,.
244,M02511_2.00,44,499,1637,27655,0.0021971327811019696,0.5749497284291709,1.5282989962655538,0.01421901230100937,True,G. max,Zoo_01,GLYMA19G26560,TCP,.
245,M02039_2.00,33,499,1132,27655,0.002201941089874178,0.6920925927925979,1.8390244955501804,0.01421901230100937,True,A. thaliana,Zoo_01,HDG11,Homeodomain,HD-GL2
246,M01606_2.00,71,499,2945,27655,0.0022428376806675455,0.418051917052886,1.1075040400485037,0.014424702018809415,True,A. thaliana,Zoo_01,ERF11,AP2,ERF
247,M01944_2.00,79,499,3345,27655,0.0022632673122266757,0.38834696891430653,1.027280314215147,0.014497635995990152,True,A. thaliana,Zoo_01,CDF3,Dof,.
248,M06840_2.00,100,499,4416,27655,0.0023541422702416707,0.3276884492625828,0.861220065152197,0.014724929102099861,True,A. thaliana,OMalley2016,DOF2.2,Dof,.
249,M02372_2.00,73,499,3049,27655,0.0023163123272404327,0.4080608401362961,1.0753231017696128,0.014724929102099861,True,A. thaliana,Zoo_01,NAC078,NAC/NAM,.
250,M00854_2.00,75,499,3151,27655,0.0023534607483753534,0.3995813677443683,1.050216927984856,0.014724929102099861,True,A. thaliana,Franco_Zorrilla2014,PIF3,bHLH,.
251,M00892_2.00,55,499,2167,27655,0.0023294648833666097,0.49223299169701307,1.2959233728693091,0.014724929102099861,True,A. thaliana,Franco_Zorrilla2014,TCP15,TCP,.
252,M06879_2.00,42,499,1550,27655,0.002339433234101856,0.5866216388831875,1.5433366191528701,0.014724929102099861,True,A. thaliana,OMalley2016,EIN3,EIN3,.
253,M02516_2.00,43,499,1596,27655,0.002323327305467217,0.5783765347457792,1.5233799417151102,0.014724929102099861,True,Manihot esculenta,Zoo_01,cassava45561.m1,TCP,.
254,M01276_2.00,29,499,960,27655,0.0023706009625305224,0.7434471157850807,1.951653909116365,0.01476995521576634,True,C. sativa,TF_Evolution,PK05732.1,Myb/SANT,G2-like
255,M02306_2.00,60,499,2413,27655,0.0023932453216113933,0.4626351116587943,1.2125725407756376,0.014853020575759426,True,A. thaliana,Zoo_01,MYB33,Myb/SANT,R2R3-MYB
256,M02695_2.00,41,499,1507,27655,0.00242378564650921,0.5924450192862867,1.5495433786243544,0.014926401954371388,True,A. thaliana,JASPAR,AG,MADS box,.
257,M10923_2.00,41,499,1507,27655,0.00242378564650921,0.5924450192862867,1.5495433786243544,0.014926401954371388,True,A. thaliana,Transfac,AG,MADS box,.
258,M07007_2.00,44,499,1648,27655,0.0024391447057937805,0.5652878077201061,1.4769627482807437,0.014963214637465692,True,A. thaliana,OMalley2016,MYB52,Myb/SANT,R2R3-MYB
259,M07017_2.00,54,499,2127,27655,0.002490977616250123,0.49263990046882317,1.2826521102625632,0.015222640988195197,True,A. thaliana,OMalley2016,HHO3,Myb/SANT,G2-like
260,M06882_2.00,33,499,1143,27655,0.002504320869292992,0.6781411474100022,1.7640553667259684,0.015245770177566115,True,A. thaliana,OMalley2016,GATA11,GATA,.
261,M02295_2.00,51,499,1987,27655,0.0025820413355981298,0.5084059009878524,1.3157731858952646,0.015253170112144507,True,A. thaliana,Zoo_01,PHL6,Myb/SANT,G2-like
262,M06590_2.00,70,499,2914,27655,0.002548770741978672,0.41285457114648083,1.0708081963663412,0.015253170112144507,True,A. thaliana,OMalley2016,AT1G63040,AP2,.
263,M07344_2.00,40,499,1466,27655,0.002560442198724172,0.5966154230195774,1.546239256806131,0.015253170112144507,True,A. thaliana,OMalley2016,BEH3,BES1,.
264,ATNATTG-HB5-DREME,57,499,2276,27655,0.002566002770238543,0.4729618881241869,1.2253226437432243,0.015253170112144507,True,.,.,ATNATTG-HB5-DREME,.,.
265,M02518_2.00,21,499,622,27655,0.0025636582707278355,0.9039033689141848,2.342140053906665,0.015253170112144507,True,Lotus japonicus,Zoo_01,LjSGA_053525.1,TCP,.
266,M06931_2.00,25,499,791,27655,0.0025483557072684087,0.8086790215679599,2.0975030865495574,0.015253170112144507,True,A. thaliana,OMalley2016,HDG7,Homeodomain,HD-GL2
267,M06735_2.00,54,499,2131,27655,0.002572991794472356,0.4899293406467922,1.268702206662326,0.015253170112144507,True,A. thaliana,OMalley2016,BHLH34,bHLH,.
268,M06977_2.00,45,499,1699,27655,0.0025290327016685137,0.5537396754114813,1.4380871626393428,0.015253170112144507,True,A. thaliana,OMalley2016,AT3G58630,Trihelix,MADF
269,M11061_2.00,65,499,2669,27655,0.0025916726035545186,0.43264093915251495,1.1189911182064287,0.015253571227562572,True,Hordeum vulgare,Transfac,Gam1,Myb/SANT,R2R3-MYB
270,M07280_2.00,25,499,793,27655,0.0026220379034858567,0.8050358503367733,2.0780881754787854,0.015353440272434658,True,A. thaliana,OMalley2016,TCP22,TCP,.
271,M01222_2.00,42,499,1562,27655,0.0026278929118336435,0.5754954009028079,1.4850039221833018,0.015353440272434658,True,C. sativa,TF_Evolution,PK20555.1,Dof,.
272,M07316_2.00,31,499,1059,27655,0.002686427788840623,0.6980661526605657,1.7946057973843603,0.0156381471649664,True,A. thaliana,OMalley2016,BZR1,BES1,.
273,1.PIF3.MEME,76,499,3223,27655,0.002715794971277798,0.38609575665006735,0.9907614872187431,0.015751610833411228,True,.,.,1.PIF3.MEME,.,.
274,M06909_2.00,54,499,2140,27655,0.0027654493202036445,0.48384913714098626,1.2377994567383972,0.015981491542481206,True,A. thaliana,OMalley2016,ATHB-6,Homeodomain,HD-ZIP
275,M02328_2.00,44,499,1663,27655,0.0028032162385378365,0.5522158816160553,1.4094445606596004,0.0160832010808196,True,Oryza sativa,Zoo_01,NIGT1,Myb/SANT,G2-like
276,M01059_2.00,92,499,4038,27655,0.002803097708511626,0.3364934769915666,0.8588530843836066,0.0160832010808196,True,A. thaliana,Stam_Arabidopsis,DPBF3,bZIP,.
277,M02294_2.00,40,499,1476,27655,0.0028261810231205507,0.5868078050929932,1.495655747750313,0.01615684133289347,True,A. thaliana,Zoo_01,MYR2,Myb/SANT,G2-like
278,M07366_2.00,40,499,1477,27655,0.0028539188124088563,0.5858307003886,1.4906804213035354,0.016257144663543308,True,A. thaliana,OMalley2016,ZHD1,Homeodomain,HD-ZF
279,ATBATTG-HB7-DREME,48,499,1857,27655,0.0028997619353161434,0.5185611170517624,1.3159202172310027,0.01634908367587449,True,.,.,ATBATTG-HB7-DREME,.,.
280,M06919_2.00,24,499,757,27655,0.0029008092039325894,0.8131697270014515,2.063402598096171,0.01634908367587449,True,A. thaliana,OMalley2016,ANL2,Homeodomain,HD-GL2
281,M01162_2.00,72,499,3033,27655,0.002900667130456122,0.39575193508416845,1.0042213688576178,0.01634908367587449,True,C. sativa,TF_Evolution,PK24978.1,bZIP,.
282,M07024_2.00,48,499,1860,27655,0.0029748553295627198,0.5162323109917897,1.3042785628647284,0.016707374122015978,True,A. thaliana,OMalley2016,HHO6,Myb/SANT,G2-like
283,M06984_2.00,39,499,1435,27655,0.0029869899970685807,0.5909239135652251,1.4919447425167678,0.01671666331692767,True,A. thaliana,OMalley2016,SVP,MADS box,.
284,M02557_2.00,30,499,1025,27655,0.003057712419898026,0.6978391174817372,1.754788591456067,0.017052626957123607,True,A. thaliana,Zoo_01,WRKY22,WRKY,.
285,M01279_2.00,65,499,2695,27655,0.00310888827073903,0.4186549716546137,1.0497333347727043,0.017277619483723878,True,C. sativa,TF_Evolution,PK12011.1,Myb/SANT,MYB3R
286,M01771_2.00,77,499,3296,27655,0.003132494897051992,0.37264272977770985,0.9331382473715251,0.017348365836103916,True,A. thaliana,Zoo_01,ABF2,bZIP,.
287,M02502_2.00,48,499,1868,27655,0.003182661904908232,0.5100404772775212,1.2736779222616497,0.017457519470113522,True,A. thaliana,Zoo_01,TCP20,TCP,.
288,M07354_2.00,35,499,1256,27655,0.003185039602384348,0.6270189843193664,1.565594399074369,0.017457519470113522,True,A. thaliana,OMalley2016,ZHD10,Homeodomain,HD-ZF
289,M07364_2.00,84,499,3652,27655,0.0031681798593124087,0.3502030890605652,0.8752241181202122,0.017457519470113522,True,A. thaliana,OMalley2016,AT5G63260,C3H,.
290,M01161_2.00,76,499,3249,27655,0.003198182072039775,0.37450420138012924,0.9344242402790307,0.017469521934600826,True,C. sativa,TF_Evolution,PK24205.1,bZIP,.
291,M07343_2.00,46,499,1774,27655,0.003230268564968694,0.5231283780219761,1.3029879549343653,0.017584567785409785,True,A. thaliana,OMalley2016,BEH3,BES1,.
292,M09452_2.00,68,499,2851,27655,0.003256466071608662,0.40256723357841384,1.001286737468398,0.017632835604976107,True,A. thaliana,HOMER,PIF5,bHLH,.
293,M01270_2.00,65,499,2702,27655,0.0032612454567197188,0.41491256996879683,1.031728447899236,0.017632835604976107,True,A. thaliana,TF_Evolution,UNE16,Myb/SANT,G2-like
294,M06853_2.00,90,499,3964,27655,0.0032825365826859992,0.33146856540921354,0.8232984490036626,0.017687992734405977,True,A. thaliana,OMalley2016,AT3G52440,Dof,.
295,M02290_2.00,36,499,1306,27655,0.0033142368128583114,0.6113425361619088,1.5158950172440173,0.017798679180165006,True,A. thaliana,Zoo_01,HHO2,Myb/SANT,G2-like
296,M07294_2.00,20,499,599,27655,0.0034778932208864377,0.8878726183646036,2.182997984118906,0.018614898279576738,True,A. thaliana,OMalley2016,TCP7,TCP,.
297,M08045_2.00,61,499,2514,27655,0.0034963572997185385,0.42732511940840545,1.0496746683094735,0.018651136766057088,True,A. thaliana,JASPAR,PIF3,bHLH,.
298,M01758_2.00,60,499,2467,27655,0.0035554403574022905,0.4307053115744224,1.054843222206666,0.01877790519886309,True,P. patens,Zoo_01,gw1.270.82.1,bHLH,.
299,M06918_2.00,25,499,815,27655,0.0035490205831959884,0.765556656922312,1.8755307326863508,0.01877790519886309,True,A. thaliana,OMalley2016,HDG1,Homeodomain,HD-GL2
300,M07254_2.00,34,499,1220,27655,0.0035395877135106584,0.6271541250661178,1.5371844381441002,0.01877790519886309,True,A. thaliana,OMalley2016,SPL11,SBP,.
301,M06710_2.00,44,499,1695,27655,0.003724163010121454,0.5247187768796181,1.2745268589497314,0.019429288110277866,True,A. thaliana,OMalley2016,AT5G18090,AP2,B3
302,M06798_2.00,43,499,1647,27655,0.0037142843564027424,0.5329966312417702,1.295248358981053,0.019429288110277866,True,A. thaliana,OMalley2016,AT1G14580,C2H2 ZF,.
303,M01700_2.00,85,499,3732,27655,0.00373968115978389,0.3360143815519701,0.8155624887312732,0.019429288110277866,True,A. thaliana,Zoo_01,BPE,bHLH,.
304,M01633_2.00,69,499,2921,27655,0.0037080123690049643,0.3886345302150172,0.9447156777943004,0.019429288110277866,True,A. thaliana,Zoo_01,CRF3,AP2,ERF
305,M07281_2.00,24,499,775,27655,0.003731535365037457,0.7792667168255833,1.8921472076955812,0.019429288110277866,True,A. thaliana,OMalley2016,TCP9,TCP,.
306,M00717_2.00,58,499,2378,27655,0.0038064719287360586,0.43480471164794354,1.0520001595986492,0.019557742381694547,True,A. thaliana,Chang2013,RAP2-6,AP2,ERF
307,M06869_2.00,91,499,4044,27655,0.00383797703164288,0.3185840745617084,0.7696665102517162,0.019557742381694547,True,A. thaliana,OMalley2016,DOF5.8,Dof,.
308,M06706_2.00,19,499,563,27655,0.0038221061942067666,0.9032931176293831,2.183889286963691,0.019557742381694547,True,A. thaliana,OMalley2016,FUS3,B3,FUS
309,M01787_2.00,81,499,3532,27655,0.003821381913072598,0.3459370915021856,0.8363996275925172,0.019557742381694547,True,A. thaliana,Zoo_01,BZIP63,bZIP,.
310,M07129_2.00,53,499,2132,27655,0.003788251881876086,0.4622854480700503,1.1194524823445382,0.019557742381694547,True,A. thaliana,OMalley2016,RVE1,Myb/SANT,MYB-related
311,M06924_2.00,26,499,865,27655,0.0038333053423041646,0.7362401118830321,1.779070179738718,0.019557742381694547,True,A. thaliana,OMalley2016,HB-5,Homeodomain,HD-ZIP
312,M01636_2.00,34,499,1229,27655,0.003886827336810562,0.6165503571437048,1.4861359103699259,0.01974359745927658,True,Oryza sativa,Zoo_01,OS05G0497200,AP2,ERF
313,M06854_2.00,111,499,5085,27655,0.003939809737847776,0.2747405238712706,0.6606203896720472,0.01994919533926096,True,A. thaliana,OMalley2016,OBP3,Dof,.
314,M02261_2.00,32,499,1139,27655,0.003975475705259101,0.6388046845579152,1.5335214863177546,0.019960925988028046,True,A. thaliana,Zoo_01,LBD4,LOB,.
315,M07185_2.00,67,499,2832,27655,0.003981728751383994,0.39084035664080186,0.9379888439744052,0.019960925988028046,True,A. thaliana,OMalley2016,SMB,NAC/NAM,.
316,M02327_2.00,45,499,1751,27655,0.003989121761433927,0.5102464441621439,1.2241438305377141,0.019960925988028046,True,Oryza sativa,Zoo_01,OS02G0187700,Myb/SANT,MYB-related
317,M07293_2.00,24,499,780,27655,0.0039921851976056095,0.7699889032375725,1.847041157590726,0.019960925988028046,True,A. thaliana,OMalley2016,TCP21,TCP,.
318,M07176_2.00,59,499,2438,27655,0.004099032140383117,0.42351735500765614,1.0110708913811182,0.0204311133247221,True,A. thaliana,OMalley2016,NAC018,NAC/NAM,.
319,M01608_2.00,73,499,3141,27655,0.004162013198090222,0.36517304749407975,0.8693662132040781,0.020680408258423377,True,A. thaliana,Zoo_01,ERF8,AP2,ERF
320,M01621_2.00,29,499,1007,27655,0.004194648304661713,0.6744897433868147,1.6034674658814572,0.020777838651973392,True,A. thaliana,Zoo_01,ERF6,AP2,ERF
321,M08146_2.00,60,499,2492,27655,0.004224847489078577,0.41615895885054366,0.9880400073052139,0.020862636981672848,True,A. thaliana,JASPAR,AP3,MADS box,.
322,M08101_2.00,77,499,3353,27655,0.00439337630946572,0.3479064891671438,0.8200857315791721,0.021627886461721674,True,Zea mays,JASPAR,RAMOSA1,C2H2 ZF,.
323,M01221_2.00,40,499,1524,27655,0.004420055656538068,0.5406376236600674,1.2729703524956157,0.021692273145163747,True,C. sativa,TF_Evolution,PK20317.1,Dof,.
324,M01832_2.00,81,499,3559,27655,0.004447356249998625,0.33495050164086637,0.7877694418826171,0.021759304351987137,True,P. patens,Zoo_01,estExt_Genewise1.C_2060077,bZIP,.
325,M07219_2.00,63,499,2652,27655,0.004529971990277952,0.39677157965335574,0.9299946843988698,0.02202836989174797,True,A. thaliana,OMalley2016,anac071,NAC/NAM,.
326,M01318_2.00,34,499,1244,27655,0.00452353014648073,0.5990487873857638,1.404483367236131,0.02202836989174797,True,C. sativa,TF_Evolution,PK19717.1,TCP,.
327,2.ABF1-MEME,71,499,3055,27655,0.004553743266740389,0.36514717106461725,0.8550401025304435,0.022076658086476963,True,.,.,2.ABF1-MEME,.,.
328,M02472_2.00,28,499,970,27655,0.004613422955609178,0.6778707012491413,1.5834901825290149,0.022234207569350926,True,A. thaliana,Zoo_01,SPL4,SBP,.
329,M01777_2.00,34,499,1246,27655,0.004614120818467183,0.5967312044923646,1.3939110072212844,0.022234207569350926,True,A. thaliana,Zoo_01,BZIP18,bZIP,.
330,1.PIF1.MEME1,78,499,3415,27655,0.004677252500536354,0.3400890719508226,0.7924106610772874,0.022470535356492426,True,.,.,1.PIF1.MEME1,.,.
331,M01157_2.00,29,499,1017,27655,0.004694707535665368,0.660233747536099,1.5372826177997148,0.022486662220379167,True,C. sativa,TF_Evolution,PK16335.1,bZIP,.
332,M07116_2.00,37,499,1389,27655,0.004714168000777676,0.5619791979135844,1.307497960724682,0.022512269345031116,True,A. thaliana,OMalley2016,MYB3R5,Myb/SANT,c-myb
333,M01282_2.00,60,499,2510,27655,0.004763944457748291,0.40577566303641094,0.9422246061796514,0.02268206391077171,True,C. sativa,TF_Evolution,PK21687.1,Myb/SANT,MYB-related
334,M07096_2.00,3,499,582,27655,0.004794326470900187,-1.8075561259211006,-4.192215026889515,0.022758781907993447,True,A. thaliana,OMalley2016,F3A4.140,Myb/SANT,R2R3-MYB
335,M01056_2.00,70,499,3015,27655,0.004848444094831906,0.3636974464235465,0.8417404999197675,0.022792546622563668,True,A. thaliana,Stam_Arabidopsis,ABF4,bZIP,.
336,M07286_2.00,24,499,795,27655,0.0048585992800449194,0.7425081668154656,1.7177844158390905,0.022792546622563668,True,A. thaliana,OMalley2016,TCP20,TCP,.
337,M07004_2.00,45,499,1775,27655,0.004852037447413006,0.49060650331629524,1.1353006641024244,0.022792546622563668,True,A. thaliana,OMalley2016,HRS1,Myb/SANT,G2-like
338,M01213_2.00,49,499,1969,27655,0.004832848869546471,0.4638191644796816,1.0741109302436866,0.022792546622563668,True,C. sativa,TF_Evolution,PK01144.1,Dof,.
339,M06859_2.00,61,499,2566,27655,0.004956613599059314,0.3977885987392307,0.9168291037103727,0.02318416038269679,True,A. thaliana,OMalley2016,DOF4.5,Dof,.
340,M06653_2.00,40,499,1541,27655,0.005125682682604562,0.524633664638604,1.201541349819362,0.023904865142556363,True,A. thaliana,OMalley2016,ERF109,AP2,ERF
341,M07125_2.00,38,499,1447,27655,0.0051893223665298365,0.5414350231778882,1.2371191179630496,0.024008627282099387,True,A. thaliana,OMalley2016,MYB3R4,Myb/SANT,c-myb
342,M10630_2.00,42,499,1638,27655,0.005169386217391905,0.5069544974037787,1.1591823923857958,0.024008627282099387,True,A. thaliana,Transfac,ATHB-5,Homeodomain,HD-ZIP
343,M07277_2.00,27,499,935,27655,0.005193088659764444,0.6784216636544964,1.5499046721013134,0.024008627282099387,True,A. thaliana,OMalley2016,TCP15,TCP,.
344,M06837_2.00,87,499,3898,27655,0.005240436968573717,0.30678183685686544,0.6996566270230684,0.024087887506844607,True,A. thaliana,OMalley2016,CDF5,Dof,.
345,M01775_2.00,36,499,1353,27655,0.005228517353992534,0.5603355937318023,1.278473707713223,0.024087887506844607,True,A. thaliana,Zoo_01,AT2G21230,bZIP,.
346,M02263_2.00,35,499,1307,27655,0.005286399272204664,0.5695963074155603,1.2968796784977692,0.02422932999760471,True,A. thaliana,Zoo_01,GT-1,Trihelix,MADF
347,M02286_2.00,48,499,1934,27655,0.005361987771056166,0.4599471375103421,1.0443900896941405,0.024296668276682275,True,A. thaliana,Zoo_01,RVE7,Myb/SANT,MYB-related
348,M01214_2.00,63,499,2678,27655,0.005338807303149806,0.38269639444163267,0.8696988932680144,0.024296668276682275,True,C. sativa,TF_Evolution,PK03929.1,Dof,.
349,BCTTCTY-SPL7-1DREME,93,499,4213,27655,0.005362023343819537,0.29088332681180396,0.6605004217317804,0.024296668276682275,True,.,.,BCTTCTY-SPL7-1DREME,.,.
350,M02300_2.00,26,499,892,27655,0.005329596911780832,0.6918965344868143,1.572892291587719,0.024296668276682275,True,A. thaliana,Zoo_01,APRR2,Myb/SANT,ARR-B
351,M01153_2.00,40,499,1547,27655,0.005394030246239132,0.5190273297043537,1.1771989432834937,0.02436528653496045,True,C. sativa,TF_Evolution,PK00315.1,bZIP,.
352,M08046_2.00,56,499,2330,27655,0.005407718767006896,0.4135973987819886,0.9376194722796997,0.02436528653496045,True,A. thaliana,JASPAR,PIF4,bHLH,.
353,M10624_2.00,25,499,849,27655,0.005459173398229024,0.7065921624877132,1.5989284050062567,0.024527835408944487,True,A. thaliana,Transfac,HAT5,Homeodomain,HD-ZIP
354,M06703_2.00,96,499,4375,27655,0.005522268194478026,0.2822519153801298,0.6372916618069048,0.0246981209774006,True,A. thaliana,OMalley2016,REM19,B3,REM
355,M01956_2.00,39,499,1502,27655,0.005528997986863396,0.5250898376140035,1.1853134185583254,0.0246981209774006,True,P. patens,Zoo_01,gw1.385.26.1,Dof,.
356,M01757_2.00,70,499,3038,27655,0.005543528093987093,0.3527335787089101,0.7958423493727057,0.0246981209774006,True,P. patens,Zoo_01,fgenesh1_pg.scaffold_37000071,bHLH,.
357,M07190_2.00,48,499,1940,27655,0.005605244937011005,0.4554782799126933,1.0254662612237428,0.02490352555580098,True,A. thaliana,OMalley2016,NTL8,NAC/NAM,.
358,M00972_2.00,66,499,2839,27655,0.00566392447802692,0.3655837019000887,0.8214236389384005,0.02509433206236927,True,A. thaliana,Lindemose2014,NAC019,NAC/NAM,.
359,M07323_2.00,40,499,1555,27655,0.005768048977368861,0.5115859461354243,1.1454261284137393,0.025292831038663224,True,A. thaliana,OMalley2016,BEH4,BES1,.
360,M01604_2.00,68,499,2944,27655,0.005788014626402556,0.3562576014593534,0.7971158309446231,0.025292831038663224,True,A. thaliana,Zoo_01,ERF069,AP2,ERF
361,M01950_2.00,41,499,1603,27655,0.005760166391594214,0.5033500107295628,1.1272850522361304,0.025292831038663224,True,A. thaliana,Zoo_01,DOF5.6,Dof,.
362,M01277_2.00,51,499,2092,27655,0.005783156518218606,0.4341149219905814,0.9714775897108969,0.025292831038663224,True,C. sativa,TF_Evolution,PK07741.1,Myb/SANT,R2R3-MYB
363,M06659_2.00,28,499,990,27655,0.00576700966018154,0.6484269233566594,1.4518598625325194,0.025292831038663224,True,A. thaliana,OMalley2016,AIL6,AP2,ANT
364,M07216_2.00,54,499,2242,27655,0.005837264793040895,0.4166736556240688,0.9307616975135835,0.025438353401366742,True,A. thaliana,OMalley2016,NAC69,NAC/NAM,.
365,M01065_2.00,30,499,1084,27655,0.005874736032154627,0.617098270520674,1.3767534261898287,0.025531890929936324,True,A. thaliana,Stam_Arabidopsis,ATHB-4,Homeodomain,HD-ZIP
366,1.ABF4-MEME,69,499,2998,27655,0.005895984566547707,0.3510965050963364,0.7827498780253773,0.025554607020770632,True,.,.,1.ABF4-MEME,.,.
367,1.ABF3-MEME,73,499,3203,27655,0.005936309619365452,0.3369731923713608,0.7502652378274962,0.025659658110807306,True,.,.,1.ABF3-MEME,.,.
368,M07331_2.00,65,499,2801,27655,0.006099761615781188,0.36299826121997514,0.8039275799788903,0.025670500731321884,True,A. thaliana,OMalley2016,WLIN2A,Homeodomain,HD-ZF
369,M07187_2.00,68,499,2952,27655,0.006059737994188881,0.35234255145597027,0.7813358695490552,0.025670500731321884,True,A. thaliana,OMalley2016,NAC037,NAC/NAM,.
370,M01123_2.00,54,499,2248,27655,0.006075769428352227,0.4128178982085694,0.9149690594075924,0.025670500731321884,True,C. sativa,TF_Evolution,PK07858.1,bHLH,.
371,M07082_2.00,38,499,1465,27655,0.0060673375720598855,0.5235992804000026,1.1608205687417874,0.025670500731321884,True,A. thaliana,OMalley2016,AtMYB10,Myb/SANT,R2R3-MYB
372,M07165_2.00,56,499,2348,27655,0.0060870923680521405,0.4024949452135788,0.8917638191485939,0.025670500731321884,True,A. thaliana,OMalley2016,NAC007,NAC/NAM,.
373,M01698_2.00,54,499,2248,27655,0.006075769428352227,0.4128178982085694,0.9149690594075924,0.025670500731321884,True,A. thaliana,Zoo_01,BHLH13,bHLH,.
374,M01826_2.00,76,499,3361,27655,0.006081905515737696,0.32560940240161074,0.7215375191346599,0.025670500731321884,True,Oryza sativa,Zoo_01,OS02G0728001,bZIP,.
375,M02477_2.00,37,499,1416,27655,0.006006379277942442,0.5342045318119794,1.1866751344574227,0.025670500731321884,True,P. trichocarpa,Zoo_01,POPTR_0002s00440,SBP,.
376,M01705_2.00,54,499,2248,27655,0.006075769428352227,0.4128178982085694,0.9149690594075924,0.025670500731321884,True,A. thaliana,Zoo_01,UNE10,bHLH,.
377,M01994_2.00,42,499,1658,27655,0.006076061238797264,0.4894458475490368,1.0847969390330205,0.025670500731321884,True,A. thaliana,Zoo_01,GATA10,GATA,.
378,M01120_2.00,54,499,2249,27655,0.006116207435487745,0.4121762726516789,0.912359513616836,0.02567197594632356,True,C. sativa,TF_Evolution,PK05451.1,bHLH,.
379,M07115_2.00,55,499,2300,27655,0.006163350084218417,0.40629828395894924,0.8979936264528838,0.02579365855662426,True,A. thaliana,OMalley2016,MYB4,Myb/SANT,R2R3-MYB
380,M07256_2.00,19,499,594,27655,0.006177540795379604,0.825965108908847,1.8247092153026125,0.02579365855662426,True,A. thaliana,OMalley2016,SPL3,SBP,.
381,M07083_2.00,61,499,2603,27655,0.006247626376959232,0.37713445742480106,0.8313118087055061,0.026018182953655287,True,A. thaliana,OMalley2016,PHL6,Myb/SANT,G2-like
382,M01778_2.00,73,499,3214,27655,0.006301842775604108,0.3320270614709505,0.7306363184698457,0.02610763435607416,True,A. thaliana,Zoo_01,BZIP17,bZIP,.
383,M01312_2.00,17,499,511,27655,0.006401786497723032,0.882640076578745,1.9362464890510818,0.026452977885669006,True,Oryza sativa,TF_Evolution,TB1,TCP,.
384,M01095_2.00,63,499,2710,27655,0.006476677815339254,0.3655595035247094,0.8000809689945472,0.02669328453608814,True,C. sativa,TF_Evolution,PK02330.1,AP2,ERF
385,M06810_2.00,70,499,3069,27655,0.006593710382676062,0.33808680274450853,0.7373234102667794,0.02710558778445443,True,A. thaliana,OMalley2016,AT2G15740,C2H2 ZF,.
386,M07172_2.00,52,499,2162,27655,0.006647435777271298,0.4146456266724688,0.9028269343796919,0.02718630785832749,True,A. thaliana,OMalley2016,anac016,NAC/NAM,.
387,M06880_2.00,19,499,599,27655,0.006640227595837353,0.813872036920827,1.7724643861538045,0.02718630785832749,True,A. thaliana,OMalley2016,FAR1,FAR1,.
388,M02330_2.00,46,499,1867,27655,0.0067353762084985174,0.44941246009683766,0.9759612396041814,0.027475511643363516,True,Oryza sativa,Zoo_01,OS08G0157600,Myb/SANT,MYB-related
389,M02000_2.00,50,499,2067,27655,0.006846681876781309,0.42289023261530423,0.9153543031455287,0.027659543573363626,True,A. thaliana,Zoo_01,GATA8,GATA,.
390,M01132_2.00,84,499,3797,27655,0.0068498556184819,0.2940298554256981,0.6363742799037345,0.027659543573363626,True,A. thaliana,TF_Evolution,HYH,bZIP,.
391,M06685_2.00,33,499,1240,27655,0.00681798984148721,0.5606264303502428,1.2145095075161516,0.027659543573363626,True,A. thaliana,OMalley2016,ABR1,AP2,ERF
392,M07292_2.00,25,499,868,27655,0.00681690409666374,0.6746616735962726,1.4615956960166154,0.027659543573363626,True,A. thaliana,OMalley2016,TCP21,TCP,.
393,M07327_2.00,35,499,1337,27655,0.006934451131003042,0.5368559831176407,1.1590655759361668,0.027830231998383442,True,A. thaliana,OMalley2016,ZHD6,Homeodomain,HD-ZF
394,M08114_2.00,36,499,1385,27655,0.0069444716836091595,0.5266114567717888,1.1366175191262096,0.027830231998383442,True,A. thaliana,JASPAR,FHY3,FAR1,.
395,M00893_2.00,47,499,1920,27655,0.006917226872335822,0.44005497233514573,0.9505486551925656,0.027830231998383442,True,A. thaliana,Franco_Zorrilla2014,TCP16,TCP,.
396,M02354_2.00,21,499,692,27655,0.00713811921649027,0.7500459114080628,1.6099106972399038,0.02818143601559896,True,C. sativa,Zoo_01,PK19779.1,Myb/SANT,G2-like
397,M02653_2.00,28,499,1010,27655,0.0071229155863598076,0.6195720606844741,1.3304332333647393,0.02818143601559896,True,A. thaliana,JASPAR,LEC2,B3,FUS
398,M07030_2.00,41,499,1629,27655,0.007082046239185049,0.48013783235859314,1.0322201138629101,0.02818143601559896,True,A. thaliana,OMalley2016,HHO2,Myb/SANT,G2-like
399,M08404_2.00,61,499,2625,27655,0.007123309382688157,0.36499234638806594,0.783754705623802,0.02818143601559896,True,A. thaliana,JASPAR,PIF1,bHLH,.
400,ATVATTGHAT22-DREME2,43,499,1727,27655,0.007101197771029231,0.4645691034392007,0.9982049484215549,0.02818143601559896,True,.,.,ATVATTGHAT22-DREME2,.,.
401,M06632_2.00,22,499,736,27655,0.00709189935414555,0.7282263788463115,1.5651313955823847,0.02818143601559896,True,A. thaliana,OMalley2016,ERF035,AP2,DREB
402,M01825_2.00,42,499,1681,27655,0.007258123679217364,0.4695701298086199,1.0044929809142813,0.028379362443167685,True,Oryza sativa,Zoo_01,LOC_Os05g36160,bZIP,.
403,M07063_2.00,49,499,2026,27655,0.007259423120258567,0.4226481015800969,0.9040856621837338,0.028379362443167685,True,A. thaliana,OMalley2016,MYR2,Myb/SANT,G2-like
404,M07058_2.00,41,499,1632,27655,0.007247636047882579,0.47748337891261505,1.0217206644081558,0.028379362443167685,True,A. thaliana,OMalley2016,AT2G40260,Myb/SANT,G2-like
405,M01216_2.00,26,499,919,27655,0.007226922195613004,0.6488753831180846,1.3892724463658592,0.028379362443167685,True,C. sativa,TF_Evolution,PK07031.1,Dof,.
406,M07097_2.00,14,499,394,27655,0.007300142364864828,0.9776598188672548,2.0889351052194347,0.028468770347089004,True,A. thaliana,OMalley2016,MYB27,Myb/SANT,R2R3-MYB
407,M06920_2.00,20,499,650,27655,0.007346451870162103,0.7699889032375724,1.6430965393509007,0.02857948959245989,True,A. thaliana,OMalley2016,ANL2,Homeodomain,HD-GL2
408,M07029_2.00,63,499,2733,27655,0.007396874546873645,0.35336689524273657,0.7530078027478285,0.028705632365604535,True,A. thaliana,OMalley2016,HHO2,Myb/SANT,G2-like
409,M07199_2.00,51,499,2130,27655,0.007476121664865847,0.40814434312432224,0.8678469651610554,0.028942752561798603,True,A. thaliana,OMalley2016,NAC047,NAC/NAM,.
410,M06712_2.00,59,499,2534,27655,0.007563541172589639,0.36779895648705874,0.7802026669292778,0.029210286126587104,True,A. thaliana,OMalley2016,AT5G60130,B3,REM
411,M02652_2.00,92,499,4236,27655,0.0075945356998193365,0.2674317983307032,0.5668213681701205,0.029259141162347443,True,Pisum sativum,JASPAR,HMG-I Y,AT hook,.
412,M06832_2.00,117,499,5555,27655,0.007620641339140671,0.22315023957297717,0.4726340992160307,0.029288970929950288,True,A. thaliana,OMalley2016,DOF1.6,Dof,.
413,M06742_2.00,19,499,609,27655,0.007640599854066799,0.7899858118032802,1.6722992752838357,0.02929508838278015,True,A. thaliana,OMalley2016,BHLH28,bHLH,.
414,M01100_2.00,70,499,3097,27655,0.007659382764121235,0.32498406553633047,0.6876033094837104,0.029296679877154366,True,C. sativa,TF_Evolution,PK19363.1,AP2,ERF
415,M06769_2.00,23,499,788,27655,0.007719907766701491,0.6938668528666635,1.465715936122891,0.029457542793992528,True,A. thaliana,OMalley2016,BZIP18,bZIP,.
416,M06908_2.00,26,499,926,27655,0.007790184940594235,0.6379280511468828,1.3450408232734996,0.029584154714875726,True,A. thaliana,OMalley2016,ATHB-21,Homeodomain,HD-ZIP
417,M01779_2.00,84,499,3824,27655,0.007783133743673952,0.28380733106403877,0.5985058148730932,0.029584154714875726,True,A. thaliana,Zoo_01,GBF3,bZIP,.
418,M07127_2.00,34,499,1303,27655,0.007817451007228457,0.532198188948232,1.1213069017397503,0.029617183744725387,True,A. thaliana,OMalley2016,MYB43,Myb/SANT,R2R3-MYB
419,M06736_2.00,42,499,1692,27655,0.007878578361238115,0.4601602859248375,0.9679711546996249,0.029778039066764912,True,A. thaliana,OMalley2016,BHLH77,bHLH,.
420,M06914_2.00,37,499,1449,27655,0.007921118329072859,0.5009682023380477,1.0526411493144208,0.029868046654541867,True,A. thaliana,OMalley2016,HAT5,Homeodomain,HD-ZIP
421,M07192_2.00,62,499,2696,27655,0.007998055269728254,0.34994824547104386,0.7338469296113216,0.030087023950982464,True,A. thaliana,OMalley2016,NAC043,NAC/NAM,.
422,M01061_2.00,49,499,2041,27655,0.008022871699159814,0.4120060933485161,0.8634288726554914,0.03010936555331742,True,A. thaliana,Stam_Arabidopsis,IDD2,C2H2 ZF,.
423,M07299_2.00,33,499,1259,27655,0.008081829085837818,0.538688267905464,1.1271999959136194,0.030188565320635408,True,A. thaliana,OMalley2016,TSO1,TCR/CxC,.
424,M02517_2.00,36,499,1403,27655,0.008073290220287193,0.5079824240884403,1.0631815275514365,0.030188565320635408,True,C. sativa,Zoo_01,PK14653.1,TCP,.
425,M02280_2.00,51,499,2143,27655,0.008129310021930382,0.39936592356097506,0.8346533397795588,0.03022435777384373,True,Malus domestica,Zoo_01,MDP0000164819,Trihelix,MADF
426,M00727_2.00,29,499,1070,27655,0.008128801591464138,0.5869426301050902,1.2266945292155718,0.03022435777384373,True,A. thaliana,Chang2013,GATA4,GATA,.
427,M07081_2.00,35,499,1357,27655,0.008223308163959808,0.5154347277921394,1.0746574059648928,0.030293792992923996,True,A. thaliana,OMalley2016,AtMYB10,Myb/SANT,R2R3-MYB
428,M06916_2.00,33,499,1261,27655,0.008223957596198176,0.5363982752962605,1.1183470295527262,0.030293792992923996,True,A. thaliana,OMalley2016,WOX11,Homeodomain,HD-WOX
429,M06654_2.00,31,499,1165,27655,0.00817092040721126,0.5604387871112596,1.1700443197495303,0.030293792992923996,True,A. thaliana,OMalley2016,ERF109,AP2,ERF
430,M01268_2.00,36,499,1405,27655,0.00820631847994302,0.505927302600051,1.0552892900335522,0.030293792992923996,True,A. thaliana,TF_Evolution,AT1G14600,Myb/SANT,G2-like
431,M06913_2.00,37,499,1454,27655,0.008245384528378998,0.4959985279753826,1.0335563192510113,0.03030273807088595,True,A. thaliana,OMalley2016,ATHB-20,Homeodomain,HD-ZIP
432,M07261_2.00,15,499,443,27655,0.008320896176024663,0.9080844233195272,1.888661132497564,0.030439975689814994,True,A. thaliana,OMalley2016,SPL5,SBP,.
433,M06627_2.00,24,499,840,27655,0.008310916705372458,0.6630736993210605,1.3794260800730336,0.030439975689814994,True,A. thaliana,OMalley2016,ERF1B,AP2,ERF
434,M00873_2.00,54,499,2300,27655,0.00844891469213361,0.379826072597758,0.7874550623307566,0.030837571931242806,True,A. thaliana,Franco_Zorrilla2014,ARR14,Myb/SANT,ARR-B
435,M01643_2.00,65,499,2861,27655,0.008529054635248086,0.33242074697129864,0.6878114695717205,0.030907215221367617,True,C. sativa,Zoo_01,PK19363.1,AP2,ERF
436,M07059_2.00,16,499,487,27655,0.008545505901331109,0.8645787541836846,1.7881755748533605,0.030907215221367617,True,A. thaliana,OMalley2016,MYB57,Myb/SANT,R2R3-MYB
437,M06743_2.00,49,499,2050,27655,0.00850721887005095,0.40565836598842697,0.8397989768816325,0.030907215221367617,True,A. thaliana,OMalley2016,BHLH72,bHLH,.
438,M06827_2.00,37,499,1458,27655,0.008511473184171727,0.49203507756803977,1.0185102806725177,0.030907215221367617,True,A. thaliana,OMalley2016,CAMTA5,CG-1,.
439,M01084_2.00,32,499,1218,27655,0.008576046290667006,0.5420582983596944,1.1202788688100287,0.030931096973653142,True,A. thaliana,Stam_Arabidopsis,SPL10,SBP,.
440,M07279_2.00,24,499,843,27655,0.008590894018387675,0.6579303960451008,1.359258959103178,0.030931096973653142,True,A. thaliana,OMalley2016,TCP22,TCP,.
441,M06726_2.00,50,499,2102,27655,0.00861338868279027,0.39866595207857336,0.8231758050752592,0.030942240876239823,True,A. thaliana,OMalley2016,BPE,bHLH,.
442,M01052_2.00,52,499,2204,27655,0.008697373586073144,0.3868879258359615,0.7972258542272255,0.031173732291655428,True,A. thaliana,Stam_Arabidopsis,BHLH49,bHLH,.
443,M02264_2.00,16,499,489,27655,0.008812154603821913,0.8586660613137931,1.7644882526686794,0.031179863225914217,True,A. thaliana,Zoo_01,ASIL1,Trihelix,MADF
444,M00974_2.00,55,499,2357,27655,0.00878281792546878,0.3709803865405192,0.7628714982189879,0.031179863225914217,True,A. thaliana,Lindemose2014,NAC030,NAC/NAM,.
445,M06986_2.00,34,499,1317,27655,0.008802796151257666,0.516779927259852,1.0621787936213223,0.031179863225914217,True,A. thaliana,OMalley2016,AGL6,MADS box,.
446,M07025_2.00,35,499,1365,27655,0.008783611656378518,0.5069544974037787,1.0424641567163826,0.031179863225914217,True,A. thaliana,OMalley2016,HHO6,Myb/SANT,G2-like
447,M07276_2.00,12,499,323,27655,0.008809277958185775,1.0419288622932583,2.141226001153045,0.031179863225914217,True,A. thaliana,OMalley2016,TCP1,TCP,.
448,M01224_2.00,64,499,2816,27655,0.008816375119051607,0.33292509762872957,0.6840645072871085,0.031179863225914217,True,C. sativa,TF_Evolution,PK23763.1,Dof,.
449,M02299_2.00,48,499,2006,27655,0.00884343261956693,0.4072133263750025,0.8361633453622876,0.031206360681878882,True,A. thaliana,Zoo_01,F3A4.140,Myb/SANT,R2R3-MYB
450,M07265_2.00,28,499,1032,27655,0.008866408729949505,0.588484382900377,1.2077184001697838,0.031218370693751565,True,A. thaliana,OMalley2016,SPL13A,SBP,.
451,M01995_2.00,35,499,1367,27655,0.00892776775990614,0.5048422056049336,1.034551482122745,0.03129624082868196,True,A. thaliana,Zoo_01,GATA11,GATA,.
452,M07200_2.00,52,499,2208,27655,0.008913219383271416,0.38427197762895016,0.7877442598459162,0.03129624082868196,True,A. thaliana,OMalley2016,ANAC050,NAC/NAM,.
453,M01045_2.00,67,499,2973,27655,0.008955014290975172,0.3207421588161551,0.6568586814195608,0.031322911829178506,True,A. thaliana,Stam_Arabidopsis,ERF14,AP2,ERF
454,M08431_2.00,53,499,2260,27655,0.008998432924676864,0.37817011352667623,0.7736729418380965,0.03139741113929904,True,A. thaliana,JASPAR,BZR2,BES1,.
455,M01125_2.00,52,499,2210,27655,0.009022513337758064,0.3829657801283251,0.7830395865315933,0.03139741113929904,True,C. sativa,TF_Evolution,PK15505.1,bHLH,.
456,M07258_2.00,27,499,987,27655,0.009035367845102357,0.6003379439730979,1.2271232729129624,0.03139741113929904,True,A. thaliana,OMalley2016,SPL9,SBP,.
457,M01127_2.00,52,499,2211,27655,0.009077503843705065,0.3823131245908933,0.780696230277577,0.03147525789284691,True,C. sativa,TF_Evolution,PK18474.1,bHLH,.
458,M01845_2.00,78,499,3546,27655,0.009119289939356042,0.2857821142295866,0.583006651695531,0.03155155629777199,True,O. tauri,Zoo_01,300010311,bZIP,.
459,M06695_2.00,42,499,1713,27655,0.009165798097879534,0.4423647029607883,0.9014639359086679,0.031643826766488865,True,A. thaliana,OMalley2016,ARID3,ARID/BRIGHT,.
460,M06580_2.00,57,499,2467,27655,0.00922828745872543,0.3567047301306456,0.7258509238012161,0.031790752692585446,True,A. thaliana,OMalley2016,RAP2-6,AP2,.
461,M01938_2.00,51,499,2165,27655,0.009323999923892528,0.3846307486234353,0.7809534022381284,0.031862742170986044,True,A. thaliana,Zoo_01,DOF1.5,Dof,.
462,M06927_2.00,28,499,1037,27655,0.009301198161910539,0.5815114595104055,1.1813179108790706,0.031862742170986044,True,A. thaliana,OMalley2016,ATHB-51,Homeodomain,HD-ZIP
463,M07110_2.00,39,499,1567,27655,0.0092831254145491,0.46396947065569505,0.9429278379828703,0.031862742170986044,True,A. thaliana,OMalley2016,PC-MYB1,Myb/SANT,MYB3R
464,M07031_2.00,33,499,1276,27655,0.009346654674379801,0.519338221859611,1.0539158020095947,0.031862742170986044,True,A. thaliana,OMalley2016,MYB105,Myb/SANT,R2R3-MYB
465,M07022_2.00,44,499,1815,27655,0.009349067922270514,0.4260345020202114,0.864522710401902,0.031862742170986044,True,A. thaliana,OMalley2016,AT1G49010,Myb/SANT,MYB
466,M07003_2.00,43,499,1766,27655,0.009390819978826005,0.4323518433196591,0.876505372141138,0.031936797156135344,True,A. thaliana,OMalley2016,MYB61,Myb/SANT,R2R3-MYB
467,M07260_2.00,30,499,1134,27655,0.009489841955678681,0.5520423869323166,1.11663878097872,0.03220488919001595,True,A. thaliana,OMalley2016,SPL1,SBP,.
468,M01058_2.00,76,499,3452,27655,0.009553891253253266,0.28706748053065767,0.5798245542316152,0.032353410931929845,True,A. thaliana,Stam_Arabidopsis,DPBF3,bZIP,.
469,M06917_2.00,24,499,854,27655,0.009674386365420425,0.6392269573666929,1.287643807242682,0.03269204714585928,True,A. thaliana,OMalley2016,HDG1,Homeodomain,HD-GL2
470,M08147_2.00,56,499,2428,27655,0.009868123837387228,0.35415893206794896,0.7103597352605094,0.03307015342654173,True,A. thaliana,JASPAR,FLC,MADS box,.
471,M07330_2.00,14,499,411,27655,0.009813890233544786,0.9167170546419483,1.8409134238978844,0.03307015342654173,True,A. thaliana,OMalley2016,NF-YB1,NF-YB,.
472,M10436_2.00,73,499,3303,27655,0.009869211931682673,0.292620020860519,0.586913103969834,0.03307015342654173,True,Zea mays,Transfac,Dof2,Dof,.
473,M06958_2.00,39,499,1575,27655,0.009844387346255647,0.4566228218536342,0.9163558416952816,0.03307015342654173,True,A. thaliana,OMalley2016,LBD16,LOB,.
474,M01050_2.00,56,499,2432,27655,0.010091360756022067,0.3517841248800457,0.7021787967297584,0.03339361080052945,True,A. thaliana,Stam_Arabidopsis,RAP2-3,AP2,ERF
475,M01254_2.00,62,499,2739,27655,0.010087117551873382,0.32711947594752416,0.6530066660120702,0.03339361080052945,True,C. sativa,TF_Evolution,PK25034.1,Homeodomain,HD-KN
476,M07109_2.00,37,499,1479,27655,0.010007496710326172,0.4714037447959091,0.9426540684073585,0.03339361080052945,True,A. thaliana,OMalley2016,AtMYB41,Myb/SANT,R2R3-MYB
477,M02364_2.00,49,499,2076,27655,0.010019543101602888,0.3874758320233545,0.7746231163758092,0.03339361080052945,True,O. tauri,Zoo_01,estExt_fgenesh1_pg.C_Chr_03.00010061,Myb/SANT,MYB-related
478,M02293_2.00,55,499,2380,27655,0.010030666696105509,0.3569705715953808,0.7134664438309987,0.03339361080052945,True,A. thaliana,Zoo_01,ARR14,Myb/SANT,ARR-B
479,M01843_2.00,27,499,998,27655,0.010053430955319704,0.5843482130922351,1.1673440693282064,0.03339361080052945,True,O. tauri,Zoo_01,100010379,bZIP,.
480,M01092_2.00,62,499,2741,27655,0.010192337195787453,0.32606641382712714,0.6494350248673899,0.03357295180002377,True,A. thaliana,TF_Evolution,ERF019,AP2,.
481,M06999_2.00,36,499,1433,27655,0.010233478175880923,0.4774588234461937,0.9501319492816701,0.03357295180002377,True,A. thaliana,OMalley2016,ATMYB13,Myb/SANT,R2R3-MYB
482,M01847_2.00,41,499,1681,27655,0.010356045320132725,0.4348047116479433,0.863003025583684,0.03357295180002377,True,O. tauri,Zoo_01,estExt_fgenesh1_pg.C_Chr_04.00010098,bZIP,.
483,M00871_2.00,13,499,372,27655,0.01027662564182138,0.9536376232990877,1.895974129342198,0.03357295180002377,True,A. thaliana,Franco_Zorrilla2014,MYB52,Myb/SANT,R2R3-MYB
484,M07326_2.00,37,499,1482,27655,0.010234985708505652,0.468480349589143,0.9322350251862533,0.03357295180002377,True,A. thaliana,OMalley2016,ZHD6,Homeodomain,HD-ZF
485,M06905_2.00,27,499,1001,27655,0.010344246020383415,0.5800179595935021,1.1515103274482705,0.03357295180002377,True,A. thaliana,OMalley2016,WUS,Homeodomain,HD-WOX
486,M07186_2.00,38,499,1532,27655,0.010300755079364817,0.45908364778465555,0.9122593200597275,0.03357295180002377,True,A. thaliana,OMalley2016,NAC035,NAC/NAM,.
487,M02050_2.00,44,499,1830,27655,0.010331616396907379,0.4141604017319194,0.8224528658845108,0.03357295180002377,True,A. thaliana,Zoo_01,ATHB-16,Homeodomain,HD-ZIP
488,M06587_2.00,42,499,1730,27655,0.010309005602391261,0.42811781652070047,0.8505772959128544,0.03357295180002377,True,A. thaliana,OMalley2016,ERF8,AP2,ERF
489,M01634_2.00,71,499,3208,27655,0.01029014926610413,0.2946454093157887,0.5856308292447916,0.03357295180002377,True,Oryza sativa,Zoo_01,LOC_Os08g36920,AP2,ERF
490,M01948_2.00,29,499,1098,27655,0.01053477494889113,0.5496753723884005,1.0869141952715093,0.0339057112191562,True,A. thaliana,Zoo_01,DOF5.4,Dof,.
491,M02296_2.00,55,499,2388,27655,0.010491136386748921,0.35212930852588137,0.6969263929132842,0.0339057112191562,True,A. thaliana,Zoo_01,ARR1,Myb/SANT,ARR-B
492,M01079_2.00,37,499,1486,27655,0.010543719601693714,0.4645916813563808,0.9185006122873614,0.0339057112191562,True,A. thaliana,Stam_Arabidopsis,RVE5,Myb/SANT,MYB-related
493,M01122_2.00,46,499,1933,27655,0.010522280708747625,0.39929275011180426,0.789757184023602,0.0339057112191562,True,C. sativa,TF_Evolution,PK06517.1,bHLH,.
494,M01773_2.00,79,499,3631,27655,0.010566325147223022,0.2699862496429225,0.5335133561661247,0.03391003744430728,True,A. thaliana,Zoo_01,ABF1,bZIP,.
495,M01644_2.00,47,499,1985,27655,0.01063687644901455,0.3920222759133441,0.7735328215199316,0.03406790750236587,True,O. tauri,Zoo_01,100010458,AP2,ERF
496,M02694_2.00,40,499,1637,27655,0.010764897760088056,0.43744620467923584,0.8608897959551111,0.03440884153775641,True,A. thaliana,JASPAR,AGL1,MADS box,.
497,M06934_2.00,32,499,1246,27655,0.010873182200478974,0.5092683632420252,1.000021426947791,0.03468545121952792,True,A. thaliana,OMalley2016,ATHB-53,Homeodomain,HD-ZIP
498,M02470_2.00,27,499,1007,27655,0.010942996142967457,0.5713962504227109,1.120430196540752,0.03483848073459699,True,A. thaliana,Zoo_01,SPL14,SBP,.
499,M06889_2.00,36,499,1443,27655,0.011033470592608856,0.46742613321714127,0.9148874951385635,0.03505654501038073,True,A. thaliana,OMalley2016,GATA14,GATA,.
500,M02479_2.00,34,499,1346,27655,0.011112856970415582,0.48535686290604946,0.9484718958139939,0.03523858224217267,True,P. patens,Zoo_01,estExt_fgenesh1_pg.C_1940033,SBP,.
501,M07181_2.00,56,499,2450,27655,0.011137227998366202,0.3411456044336983,0.6663334032278307,0.03524579098689304,True,A. thaliana,OMalley2016,NAC029,NAC/NAM,.
502,M01087_2.00,36,499,1445,27655,0.01119834007595989,0.46542794032029833,0.9079783975384011,0.03536901469535847,True,A. thaliana,Stam_Arabidopsis,TCX3,TCR/CxC,.
503,M07282_2.00,12,499,336,27655,0.01128678741355294,0.9850017942084229,1.9182217040799938,0.03557791684706905,True,A. thaliana,OMalley2016,TCP9,TCP,.
504,M06652_2.00,25,499,916,27655,0.011310600209519121,0.5970091179438078,1.1620868140514053,0.03558265746387179,True,A. thaliana,OMalley2016,ERF043,AP2,DREB
505,M06598_2.00,63,499,2814,27655,0.011359593203944184,0.3112300265294107,0.6052294938124744,0.03558788904846459,True,A. thaliana,OMalley2016,DREB2D,AP2,DREB
506,M01219_2.00,28,499,1059,27655,0.01138995164507551,0.5512247643312946,1.0712932684990528,0.03558788904846459,True,C. sativa,TF_Evolution,PK15337.1,Dof,.
507,M07357_2.00,37,499,1496,27655,0.011342763126141828,0.45491562200734015,0.8849387785572399,0.03558788904846459,True,A. thaliana,OMalley2016,BMY2,BES1,.
508,M06907_2.00,29,499,1107,27655,0.01140151178919461,0.5378982046120471,1.0451564146681238,0.03558788904846459,True,A. thaliana,OMalley2016,ATHB-21,Homeodomain,HD-ZIP
509,ASCMAC-MYB44-DREME,71,499,3231,27655,0.011445411173889194,0.2843388005053454,0.5520064192831206,0.035655138324908714,True,.,.,ASCMAC-MYB44-DREME,.,.
510,1.ANAC55.1MEME,47,499,1998,27655,0.011515941322362395,0.382604700151246,0.7417559451664042,0.03576950336163675,True,.,.,1.ANAC55.1MEME,.,.
511,M07135_2.00,41,499,1697,27655,0.011541101125320514,0.42113787134144737,0.8160610698312771,0.03576950336163675,True,A. thaliana,OMalley2016,PHL11,Myb/SANT,G2-like
512,M06915_2.00,31,499,1205,27655,0.011554176621893203,0.5117355955355783,0.9913654104886215,0.03576950336163675,True,A. thaliana,OMalley2016,HAT5,Homeodomain,HD-ZIP
513,M01672_2.00,28,499,1061,27655,0.011594252813771912,0.5485026974088664,1.061768064394192,0.03576950336163675,True,A. thaliana,Zoo_01,AHL13,AT hook,.
514,M07147_2.00,58,499,2560,27655,0.011580310158283137,0.32840961650623673,0.6358929094033575,0.03576950336163675,True,A. thaliana,OMalley2016,AT5G58900,Myb/SANT,MYB-related
515,M02499_2.00,33,499,1303,27655,0.011626156675986305,0.4891294670563458,0.9462521745267429,0.0357986870621586,True,A. thaliana,Zoo_01,TCP24,TCP,.
516,M02051_2.00,52,499,2255,27655,0.011726136619398458,0.3538847162643758,0.683296552749036,0.03591681907813903,True,A. thaliana,Zoo_01,KNAT3,Homeodomain,HD-KN
517,M01258_2.00,51,499,2204,27655,0.011724083831785026,0.35887354966636514,0.6929565038447034,0.03591681907813903,True,A. thaliana,TF_Evolution,AT3G10030,Trihelix,MADF
518,M01770_2.00,83,499,3866,27655,0.011732076952796513,0.25077022540171606,0.4841432907576412,0.03591681907813903,True,A. thaliana,Zoo_01,BZIP68,bZIP,.
519,M07235_2.00,53,499,2308,27655,0.011852268612781446,0.34784966218374364,0.670027502563504,0.03621526520572109,True,A. thaliana,OMalley2016,NAC92,NAC/NAM,.
520,M07111_2.00,39,499,1603,27655,0.011988697309218938,0.43120022497372734,0.8284339478684971,0.03651262942824117,True,A. thaliana,OMalley2016,PC-MYB1,Myb/SANT,MYB3R
521,M01613_2.00,64,499,2877,27655,0.011995371674230955,0.30200721052673984,0.5801517111925175,0.03651262942824117,True,A. thaliana,Zoo_01,AT2G33710,AP2,ERF
522,M06571_2.00,44,499,1854,27655,0.012043181088435393,0.3953628062777937,0.7588035385338759,0.03658833111629419,True,A. thaliana,OMalley2016,ERF019,AP2,DREB
523,M06807_2.00,51,499,2210,27655,0.012125662713120693,0.3549514039587288,0.6801914289408123,0.03676888218142112,True,A. thaliana,OMalley2016,IDD5,C2H2 ZF,.
524,M01160_2.00,78,499,3612,27655,0.012185460174263895,0.25917675764741716,0.49610528101036394,0.03688009293728826,True,C. sativa,TF_Evolution,PK23964.1,bZIP,.
525,M02303_2.00,50,499,2162,27655,0.012330496947748109,0.3580620983061016,0.6835474992223929,0.037248376196322416,True,A. thaliana,Zoo_01,MYB4,Myb/SANT,R2R3-MYB
526,M01901_2.00,48,499,2061,27655,0.01238538173205309,0.3681904274479269,0.7021725044493896,0.03727298842004656,True,A. thaliana,Zoo_01,CMTA2,CG-1,.
527,M02305_2.00,56,499,2470,27655,0.012378606108173505,0.329416311851591,0.6283050396654364,0.03727298842004656,True,A. thaliana,Zoo_01,AT5G05090,Myb/SANT,G2-like
528,M07224_2.00,56,499,2472,27655,0.012507320434578799,0.3282486104192564,0.6246031820917246,0.037569069855279066,True,A. thaliana,OMalley2016,ANAC076,NAC/NAM,.
529,M01902_2.00,88,499,4148,27655,0.012576324112423043,0.2335881560900986,0.4439217419856114,0.03770533263029089,True,A. thaliana,Zoo_01,CSP4,CSD,.
530,M06604_2.00,32,499,1265,27655,0.012648669816865785,0.48743504668435456,0.9251298543069729,0.03774379905153494,True,A. thaliana,OMalley2016,ERF15,AP2,ERF
531,M00864_2.00,1,499,339,27655,0.012660145763367518,-2.612784746870317,-4.95791920525031,0.03774379905153494,True,A. thaliana,Franco_Zorrilla2014,ATHB-15,Homeodomain,HD-ZIP
532,M07355_2.00,46,499,1963,27655,0.012640271196173947,0.37707421485686865,0.7157787181670424,0.03774379905153494,True,A. thaliana,OMalley2016,U2AF35B,Unknown,.
533,M01631_2.00,57,499,2527,27655,0.012731667256180237,0.3220367814859936,0.6102966450550259,0.037886211331357236,True,A. thaliana,Zoo_01,ERF2,AP2,ERF
534,M02478_2.00,33,499,1316,27655,0.012844794265681199,0.47480706188923877,0.8979897039102323,0.03800010282370567,True,Prunus persica,Zoo_01,PRUPE_ppa000682mg,SBP,.
535,M01119_2.00,45,499,1915,27655,0.012840849216406302,0.3810811357833823,0.7207792433865687,0.03800010282370567,True,C. sativa,TF_Evolution,PK03576.1,bHLH,.
536,M06669_2.00,49,499,2118,27655,0.012823946885034703,0.35857968638889864,0.6784249816806387,0.03800010282370567,True,A. thaliana,OMalley2016,TINY,AP2,DREB
537,M06719_2.00,61,499,2736,27655,0.012865238573542985,0.3052415389430154,0.5770842067355794,0.03800010282370567,True,A. thaliana,OMalley2016,BPC6,BBR,.
538,M06716_2.00,79,499,3679,27655,0.012922660273351193,0.2510395034701554,0.47412527442247426,0.03800798207301942,True,A. thaliana,OMalley2016,BPC1,BBR,.
539,M06938_2.00,29,499,1122,27655,0.012949316059022066,0.5184807507848063,0.9787636803628403,0.03800798207301942,True,A. thaliana,OMalley2016,HSFB3,HSF,.
540,M06705_2.00,84,499,3944,27655,0.012963223979763364,0.2392303026668758,0.4514962342783367,0.03800798207301942,True,A. thaliana,OMalley2016,VRN1,B3,REM
541,M10438_2.00,79,499,3679,27655,0.012922660273351193,0.2510395034701554,0.47412527442247426,0.03800798207301942,True,Zea mays,Transfac,PBF,Dof,.
542,M00876_2.00,58,499,2583,27655,0.01301303726477463,0.315505783275599,0.5949244335927508,0.03808197136389104,True,A. thaliana,Franco_Zorrilla2014,MYB55,Myb/SANT,R2R3-MYB
543,M02357_2.00,50,499,2172,27655,0.013036210886949534,0.3514045182363904,0.6623443221601704,0.03808197136389104,True,C. sativa,Zoo_01,PK28565.1,Myb/SANT,R2R3-MYB
544,M07107_2.00,42,499,1767,27655,0.01311682698262543,0.3975878144931704,0.7483283378761145,0.038247420543487315,True,A. thaliana,OMalley2016,MYB39,Myb/SANT,R2R3-MYB
545,M07000_2.00,32,499,1270,27655,0.013145442923043966,0.4817439346064988,0.9062686255545562,0.038260915077107896,True,A. thaliana,OMalley2016,ATMYB13,Myb/SANT,R2R3-MYB
546,M07002_2.00,41,499,1718,27655,0.013226123052757992,0.4033943997456472,0.7578035852595931,0.03842562161957923,True,A. thaliana,OMalley2016,MYB61,Myb/SANT,R2R3-MYB
547,M02376_2.00,32,499,1272,27655,0.013347605786934108,0.4794737609816715,0.8988198957615606,0.03870805678210891,True,A. lyrata,Zoo_01,ANAC080,NAC/NAM,.
548,2.FBH3-MEME,61,499,2747,27655,0.013556944519687199,0.29945285875305705,0.5593294830628752,0.03894023470860629,True,.,.,2.FBH3-MEME,.,.
549,M07241_2.00,52,499,2282,27655,0.013574150782435799,0.33671335811843733,0.6287405877762061,0.03894023470860629,True,A. thaliana,OMalley2016,NAC101,NAC/NAM,.
550,M07068_2.00,40,499,1671,27655,0.01350235200200178,0.4077887930922014,0.7623980838627106,0.03894023470860629,True,A. thaliana,OMalley2016,MYB1,Myb/SANT,R2R3-MYB
551,M07295_2.00,32,499,1274,27655,0.013551741748704108,0.4772071540097264,0.8914252939635007,0.03894023470860629,True,A. thaliana,OMalley2016,AT2G20110,TCR/CxC,.
552,M07359_2.00,46,499,1974,27655,0.013479919006351536,0.36901239786664236,0.6901685805480716,0.03894023470860629,True,A. thaliana,OMalley2016,AT5G58620,Unknown,.
553,M02475_2.00,34,499,1372,27655,0.013500961992785651,0.45775479134355407,0.8558345099277913,0.03894023470860629,True,A. thaliana,Zoo_01,SPL12,SBP,.
554,M01618_2.00,60,499,2698,27655,0.013748634401293503,0.3015726789262779,0.5614500508957296,0.03922910889098951,True,A. thaliana,Zoo_01,ERF098,AP2,ERF
555,M07021_2.00,43,499,1825,27655,0.013735437912914511,0.38494072231338305,0.7168202492064623,0.03922910889098951,True,A. thaliana,OMalley2016,AtMYB93,Myb/SANT,R2R3-MYB
556,M01941_2.00,15,499,476,27655,0.013745297162831776,0.8044295485666019,1.49772382997273,0.03922910889098951,True,A. thaliana,Zoo_01,GATA24,Dof,.
557,M07095_2.00,49,499,2131,27655,0.013782691248884968,0.34975168259853184,0.650771054645649,0.03925605811066343,True,A. thaliana,OMalley2016,F3A4.140,Myb/SANT,R2R3-MYB
558,M06629_2.00,26,499,985,27655,0.013813502605834428,0.5488165200633807,1.0206319892016986,0.03926580189631175,True,A. thaliana,OMalley2016,ERF011,AP2,DREB
559,M01783_2.00,82,499,3855,27655,0.013835348379766273,0.23739357608171405,0.4413170082917317,0.03926580189631175,True,A. thaliana,Zoo_01,GBF1,bZIP,.
560,2.URI.MEME2,42,499,1777,27655,0.013951190937477272,0.3894461730161094,0.7225740354659461,0.03947010796890208,True,.,.,2.URI.MEME2,.,.
561,M06973_2.00,39,499,1626,27655,0.0139613752289492,0.41064739305324743,0.7617803988255683,0.03947010796890208,True,A. thaliana,OMalley2016,ASIL2,Trihelix,MADF
562,M06838_2.00,90,499,4283,27655,0.013981574296194154,0.21980385070465955,0.4076139156707423,0.03947010796890208,True,A. thaliana,OMalley2016,CDF5,Dof,.
563,M06744_2.00,10,499,267,27655,0.014272874203818436,1.0535888794658352,1.9443862260121307,0.03972990288846493,True,A. thaliana,OMalley2016,AT1G06070,bZIP,.
564,M01308_2.00,32,499,1280,27655,0.014175978701311267,0.4704286213786645,0.8695623494213439,0.03972990288846493,True,A. thaliana,TF_Evolution,SPL9,SBP,.
565,M00718_2.00,47,499,2033,27655,0.014109942869889574,0.35755106809893183,0.6616392214462078,0.03972990288846493,True,A. thaliana,Chang2013,ERF15,AP2,ERF
566,M06995_2.00,57,499,2549,27655,0.014198429500537133,0.30953107240856687,0.571939038589346,0.03972990288846493,True,A. thaliana,OMalley2016,AGL42,MADS box,.
567,M01623_2.00,20,499,705,27655,0.014248737463341156,0.6528053638672334,1.2052246790606134,0.03972990288846493,True,A. thaliana,Zoo_01,DREB1C,AP2,DREB
568,M07221_2.00,64,499,2914,27655,0.014233010828289074,0.2835715542015144,0.5236725023121118,0.03972990288846493,True,A. thaliana,OMalley2016,NAC073,NAC/NAM,.
569,M06578_2.00,54,499,2393,27655,0.014144751962461842,0.32263953689099656,0.5966910642459915,0.03972990288846493,True,A. thaliana,OMalley2016,ERF055,AP2,DREB
570,M01473_2.00,56,499,2497,27655,0.014185720840467325,0.3137315323954189,0.5798224895004537,0.03972990288846493,True,P. patens,TFs_NonAnimalZFs,fgenesh1_pg.scaffold_191000049,C2H2 ZF,.
571,M07253_2.00,21,499,752,27655,0.014323210174146065,0.6300852873671499,1.1618518367222728,0.039800557888088804,True,A. thaliana,OMalley2016,SPL14,SBP,.
572,M00847_2.00,27,499,1038,27655,0.014405603495764415,0.5276534900716147,0.9716573035968663,0.03995989143607694,True,A. thaliana,Franco_Zorrilla2014,RAP2-3,AP2,ERF
573,M06680_2.00,46,499,1986,27655,0.014434165016220236,0.36026876479466585,0.6631136909643877,0.039969606251512635,True,A. thaliana,OMalley2016,ERF025,AP2,DREB
574,M06972_2.00,32,499,1283,27655,0.014494741415874573,0.4670512611763444,0.8588089680863632,0.03999846463377153,True,A. thaliana,OMalley2016,AT3G10030,Trihelix,MADF
575,M06928_2.00,21,499,753,27655,0.01447233291130748,0.6281680843728592,1.1554909789866479,0.03999846463377153,True,A. thaliana,OMalley2016,ATHB-51,Homeodomain,HD-ZIP
576,BACGTG-RD26-DREME,79,499,3709,27655,0.014540405653034959,0.23932291194012004,0.439737537034762,0.040055176194457275,True,.,.,BACGTG-RD26-DREME,.,.
577,M06932_2.00,41,499,1734,27655,0.01460848056943978,0.39002053766227573,0.7158417262980878,0.040173321565959395,True,A. thaliana,OMalley2016,ATHB-5,Homeodomain,HD-ZIP
578,M07264_2.00,14,499,437,27655,0.01471369111500098,0.8282221688230327,1.5175335616427432,0.04032360365709031,True,A. thaliana,OMalley2016,SPL15,SBP,.
579,M06910_2.00,34,499,1384,27655,0.014705148257175128,0.4451913298796417,0.815826731556575,0.04032360365709031,True,A. thaliana,OMalley2016,ATHB-6,Homeodomain,HD-ZIP
580,M06885_2.00,40,499,1685,27655,0.014745786277598283,0.39575193508416845,0.7247532084905736,0.04034224547644813,True,A. thaliana,OMalley2016,GATA20,GATA,.
581,M01619_2.00,27,499,1041,27655,0.01477375529889699,0.5234898651300784,0.9582529611322697,0.04034955428380257,True,A. thaliana,Zoo_01,ERF1B,AP2,ERF
582,M06651_2.00,25,499,945,27655,0.014823580231714704,0.5520423869323168,1.0097114119021655,0.04041642815313667,True,A. thaliana,OMalley2016,ERF043,AP2,DREB
583,M01713_2.00,21,499,756,27655,0.01492561944607283,0.6224317148237145,1.1366024098400085,0.040555984695887844,True,A. thaliana,Zoo_01,BHLH78,bHLH,.
584,M08081_2.00,38,499,1586,27655,0.01490965038381865,0.4091071740056343,0.7472475657476018,0.040555984695887844,True,A. thaliana,JASPAR,REF6,C2H2 ZF,.
585,M07255_2.00,17,499,572,27655,0.015006633670563835,0.719948220737977,1.312981606950272,0.04058165712222324,True,A. thaliana,OMalley2016,SPL3,SBP,.
586,M06895_2.00,30,499,1189,27655,0.014980919887396261,0.48371431212888977,0.8825181483923429,0.04058165712222324,True,A. thaliana,OMalley2016,GATA12,GATA,.
587,M07142_2.00,43,499,1840,27655,0.015011396678439943,0.3731314200237499,0.6804345839580227,0.04058165712222324,True,A. thaliana,OMalley2016,MYB80,Myb/SANT,R2R3-MYB
588,M01163_2.00,25,499,947,27655,0.015088666066718348,0.5489922905723668,0.9999066433824584,0.040721526863647654,True,C. sativa,TF_Evolution,PK27109.1,bZIP,.
589,M07245_2.00,52,499,2303,27655,0.015126972772261636,0.32349773861427344,0.5888461035677722,0.0407559486009414,True,A. thaliana,OMalley2016,NAC105,NAC/NAM,.
590,M01164_2.00,71,499,3297,27655,0.015188383936695398,0.255165664100322,0.4640158087066448,0.040784343706039256,True,C. sativa,TF_Evolution,PK27149.1,bZIP,.
591,M06656_2.00,33,499,1339,27655,0.015195048861725303,0.44981059030016984,0.8178896513129773,0.040784343706039256,True,A. thaliana,OMalley2016,DREB2A,AP2,DREB
592,M02500_2.00,50,499,2201,27655,0.01522040566944403,0.3322694761491945,0.6039242851385062,0.040784343706039256,True,A. thaliana,Zoo_01,TCP3,TCP,.
593,M06990_2.00,41,499,1741,27655,0.01523979238169241,0.38420823323300934,0.6981144087695066,0.040784343706039256,True,A. thaliana,OMalley2016,FLC,MADS box,.
594,M07345_2.00,44,499,1894,27655,0.015277962556258538,0.3645677194349395,0.6620311207048786,0.04081800716454333,True,A. thaliana,OMalley2016,AT4G26030,Unknown,.
595,M02483_2.00,30,499,1192,27655,0.01532784191817142,0.48007879141238385,0.8711120824109013,0.04088278906268129,True,C. sativa,Zoo_01,PK22320.1,SBP,.
596,M07257_2.00,37,499,1541,27655,0.015422248619977052,0.4121589353801915,0.7467711150144901,0.04106592078274357,True,A. thaliana,OMalley2016,SPL9,SBP,.
597,M07329_2.00,25,499,950,27655,0.015491809777159683,0.5444292028224417,0.985361240575669,0.04118239432428282,True,A. thaliana,OMalley2016,AT2G31460,Unknown,.
598,M02341_2.00,46,499,2000,27655,0.015597279836893532,0.35013438766095273,0.6326757295120509,0.04129426956544871,True,P. patens,Zoo_01,e_gw1.362.4.1,Myb/SANT,ARR-B
599,M07140_2.00,42,499,1796,27655,0.015623969343109684,0.37410250430364045,0.6757071687398161,0.04129426956544871,True,A. thaliana,OMalley2016,MYB49,Myb/SANT,R2R3-MYB
600,M00879_2.00,49,499,2155,27655,0.015663343628273648,0.33359440640477467,0.6021764418044924,0.04129426956544871,True,A. thaliana,Franco_Zorrilla2014,RVE1,Myb/SANT,MYB-related
601,M07259_2.00,25,499,951,27655,0.015627659893078898,0.5429113751801881,0.9805555187595294,0.04129426956544871,True,A. thaliana,OMalley2016,SPL1,SBP,.
602,M06987_2.00,35,499,1443,27655,0.015655046952542814,0.4267841487197953,0.7704928959287849,0.04129426956544871,True,A. thaliana,OMalley2016,AGL16,MADS box,.
603,M01615_2.00,52,499,2311,27655,0.015744507480623223,0.31849488993948816,0.5742051753699673,0.0413438602422559,True,A. thaliana,Zoo_01,ERF13,AP2,ERF
604,M07006_2.00,35,499,1444,27655,0.015759916631530774,0.42578470632382254,0.7674539766329203,0.0413438602422559,True,A. thaliana,OMalley2016,MYB58,Myb/SANT,R2R3-MYB
605,M02508_2.00,23,499,856,27655,0.015744090984877775,0.5744516859218928,1.0356688394401194,0.0413438602422559,True,A. lyrata,Zoo_01,TCP2,TCP,.
606,M07210_2.00,52,499,2312,27655,0.01582269037143096,0.31787075190644026,0.5723961155988992,0.041440379544223936,True,A. thaliana,OMalley2016,anac058,NAC/NAM,.
607,M07220_2.00,57,499,2574,27655,0.015980258042292063,0.2954503922100669,0.5307518744569782,0.04147163550729211,True,A. thaliana,OMalley2016,anac071,NAC/NAM,.
608,M00888_2.00,47,499,2056,27655,0.015992453458267195,0.3413210187497862,0.6130415293670313,0.04147163550729211,True,A. thaliana,Franco_Zorrilla2014,SPL7,SBP,.
609,M07207_2.00,40,499,1698,27655,0.01596030440206121,0.3846640676003509,0.6912254927996111,0.04147163550729211,True,A. thaliana,OMalley2016,NAC055,NAC/NAM,.
610,M01049_2.00,72,499,3361,27655,0.01587768507154837,0.24760689040033748,0.4454974906344347,0.04147163550729211,True,A. thaliana,Stam_Arabidopsis,DREB2C,AP2,.
611,M07159_2.00,41,499,1749,27655,0.01598082498963144,0.377594146962458,0.6783104293954708,0.04147163550729211,True,A. thaliana,OMalley2016,NAC002,NAC/NAM,.
612,M00887_2.00,30,499,1197,27655,0.015916890160098767,0.4740398749310434,0.8523909048354962,0.04147163550729211,True,A. thaliana,Franco_Zorrilla2014,SPL1,SBP,.
613,M07040_2.00,51,499,2263,27655,0.016042632669591994,0.32076118897063005,0.5756779197444386,0.04147163550729211,True,A. thaliana,OMalley2016,PHL7,Myb/SANT,G2-like
614,M07212_2.00,39,499,1648,27655,0.01602546997520838,0.391258407945057,0.7023828782000273,0.04147163550729211,True,A. thaliana,OMalley2016,NAC062,NAC/NAM,.
615,M06890_2.00,27,499,1052,27655,0.016173451328659983,0.508325229137193,0.9105107749364374,0.04147372165468276,True,A. thaliana,OMalley2016,GATA6,GATA,.
616,M00721_2.00,43,499,1853,27655,0.016172333612333535,0.36297430494085936,0.6501694872452334,0.04147372165468276,True,A. thaliana,Chang2013,ERF5,AP2,ERF
617,M07072_2.00,35,499,1447,27655,0.016077036424414052,0.422790526679269,0.7583991118280786,0.04147372165468276,True,A. thaliana,OMalley2016,AT3G10580,Myb/SANT,MYB-related
618,M01126_2.00,60,499,2733,27655,0.016139173225769653,0.2829775673513386,0.5071293949392179,0.04147372165468276,True,C. sativa,TF_Evolution,PK18401.1,bHLH,.
619,M07211_2.00,51,499,2264,27655,0.016122776605423505,0.32012381540564017,0.5738411988799145,0.04147372165468276,True,A. thaliana,OMalley2016,anac058,NAC/NAM,.
620,M07349_2.00,70,499,3263,27655,0.016373952528954454,0.2496564611191292,0.44584811056193685,0.041920472365461245,True,A. thaliana,OMalley2016,FRS9,FAR1,.
621,M06721_2.00,42,499,1805,27655,0.016455732634655943,0.36689101727025414,0.6544171887161372,0.04192794497168727,True,A. thaliana,OMalley2016,BHLH74,bHLH,.
622,M07123_2.00,45,499,1958,27655,0.016405208942294292,0.3490447629920067,0.6230512663954278,0.04192794497168727,True,A. thaliana,OMalley2016,MYB92,Myb/SANT,R2R3-MYB
623,M07118_2.00,30,499,1204,27655,0.01676420263854049,0.46562763511484356,0.8267763903228621,0.04264577864190124,True,A. thaliana,OMalley2016,RVE4,Myb/SANT,MYB-related
624,M02522_2.00,52,499,2325,27655,0.01685880574088772,0.309781433524363,0.5492961337884152,0.042750071791281256,True,A. thaliana,Zoo_01,TCX3,TCR/CxC,.
625,M01953_2.00,40,499,1707,27655,0.016834363845714774,0.3770374681256512,0.6687903016155646,0.042750071791281256,True,P. patens,Zoo_01,e_gw1.392.16.1,Dof,.
626,M07054_2.00,41,499,1759,27655,0.016936024908176917,0.3693689534121496,0.6542220485472828,0.04287771385482886,True,A. thaliana,OMalley2016,ASR3,Trihelix,.
627,M02379_2.00,37,499,1558,27655,0.017167181574935457,0.3963305638333076,0.6996427404118718,0.04316517718307568,True,P. patens,Zoo_01,e_gw1.159.34.1,NAC/NAM,.
628,M06734_2.00,52,499,2328,27655,0.01710304672707735,0.3079210914988354,0.5440739419415401,0.04316517718307568,True,A. thaliana,OMalley2016,BHLH34,bHLH,.
629,M06850_2.00,87,499,4182,27655,0.017156643176807887,0.20532286552517615,0.3625114155578515,0.04316517718307568,True,A. thaliana,OMalley2016,CDF3,Dof,.
630,M00962_2.00,52,499,2329,27655,0.017184882452196275,0.30730151019625307,0.542342125596074,0.04316517718307568,True,A. thaliana,LehtiShiu2015,DREB1F,AP2,DREB
631,M02676_2.00,82,499,3914,27655,0.017144837157942155,0.21548068025730668,0.3805101438544188,0.04316517718307568,True,Zea mays,JASPAR,Dof3,Dof,.
632,M07173_2.00,40,499,1711,27655,0.017231428331533828,0.3736607666639759,0.6590175433836386,0.04321403803269883,True,A. thaliana,OMalley2016,anac016,NAC/NAM,.
633,M00728_2.00,21,499,1665,27655,0.01736928466944109,-0.5166323229138371,-0.9093855487979008,0.04335525672575671,True,A. thaliana,Chang2013,HAT3,Homeodomain,HD-ZIP
634,M01827_2.00,62,499,2855,27655,0.017358125807328626,0.2672779964026971,0.47054215581579995,0.04335525672575671,True,Oryza sativa,Zoo_01,OS02G0728001,bZIP,.
635,M01855_2.00,18,499,1480,27655,0.01732471221490663,-0.5690997428079728,-1.0023747097980926,0.04335525672575671,True,A. thaliana,Zoo_01,ZAT7,C2H2 ZF,.
636,M06746_2.00,23,499,867,27655,0.017405494101707164,0.5560304891012049,0.9782320257273076,0.04337775483159832,True,A. thaliana,OMalley2016,AtbZIP52,bZIP,.
637,M01290_2.00,9,499,237,27655,0.017541122315604386,1.0735384688100804,1.8850719548818802,0.04357957958471806,True,C. sativa,TF_Evolution,PK11990.1,NAC/NAM,.
638,M06576_2.00,44,499,1919,27655,0.01753653410079905,0.34564933870794406,0.6069796766798993,0.04357957958471806,True,A. thaliana,OMalley2016,ERF11,AP2,ERF
639,M07262_2.00,25,499,965,27655,0.017606249138302974,0.521827773885309,0.9154597659317177,0.04367335517199571,True,A. thaliana,OMalley2016,SPL5,SBP,.
640,M06797_2.00,43,499,1870,27655,0.01776578268325329,0.3497989161931258,0.6122934988748984,0.04379663582656723,True,A. thaliana,OMalley2016,AT1G14580,C2H2 ZF,.
641,M02377_2.00,52,499,2336,27655,0.017763581941003873,0.3029718755271019,0.5303430142371787,0.04379663582656723,True,A. lyrata,Zoo_01,ANAC100,NAC/NAM,.
642,M06619_2.00,20,499,726,27655,0.017723795004464086,0.6104590731576386,1.0691844424429184,0.04379663582656723,True,A. thaliana,OMalley2016,AT3G16280,AP2,DREB
643,M00720_2.00,62,499,2860,27655,0.017722313344943227,0.26475359498715045,0.46371051774253075,0.04379663582656723,True,A. thaliana,Chang2013,ERF1A,AP2,ERF
644,M06582_2.00,47,499,2077,27655,0.01782998291562216,0.32666006709901657,0.5712791555184558,0.04386536927788983,True,A. thaliana,OMalley2016,RAP2-1,AP2,DREB
645,M09780_2.00,23,499,870,27655,0.01787616929819962,0.5510470815869493,0.9630790587605511,0.04386536927788983,True,A. thaliana,Transfac,PIF3,bHLH,.
646,M02352_2.00,51,499,2285,27655,0.017856743979846556,0.3068036082920905,0.536353370960348,0.04386536927788983,True,C. sativa,Zoo_01,PK14402.1,Myb/SANT,G2-like
647,M06727_2.00,52,499,2338,27655,0.017930786714570168,0.3017372198754628,0.5269540785242907,0.04393180462325563,True,A. thaliana,OMalley2016,BIM2,bHLH,.
648,M07106_2.00,37,499,1566,27655,0.01802582650276273,0.3889415846039363,0.6783548898008225,0.0440969221961757,True,A. thaliana,OMalley2016,MYB39,Myb/SANT,R2R3-MYB
649,M07098_2.00,12,499,364,27655,0.018096190498058332,0.8695245767884868,1.515070787804394,0.044201261630019965,True,A. thaliana,OMalley2016,MYB27,Myb/SANT,R2R3-MYB
650,M06684_2.00,39,499,1669,27655,0.018153150812887094,0.3729906957656766,0.6493946990246867,0.04420500083443499,True,A. thaliana,OMalley2016,ABR1,AP2,ERF
651,M01069_2.00,30,499,1215,27655,0.018148458476438357,0.45250671338140214,0.7878867057631458,0.04420500083443499,True,A. thaliana,Stam_Arabidopsis,RVE7,Myb/SANT,MYB-related
652,M02532_2.00,44,499,1926,27655,0.018200251828473964,0.3403963470598652,0.592263298174071,0.04425213668660971,True,C. sativa,Zoo_01,PK22848.1,TCR/CxC,.
653,M01602_2.00,35,499,1467,27655,0.018286109116679918,0.4029865775376037,0.700341786684874,0.044294403817306115,True,A. thaliana,Zoo_01,ERF094,AP2,ERF
654,M06826_2.00,48,499,2135,27655,0.018384260393138965,0.31729886247933053,0.5506892583473129,0.044294403817306115,True,A. thaliana,OMalley2016,AZF1,C2H2 ZF,.
655,M00976_2.00,41,499,1773,27655,0.018326103047987423,0.35793189998542224,0.6217026105575173,0.044294403817306115,True,A. thaliana,Lindemose2014,NAC055,NAC/NAM,.
656,M06577_2.00,51,499,2291,27655,0.018369590388580905,0.3030203149328478,0.5260131245755549,0.044294403817306115,True,A. thaliana,OMalley2016,ERF055,AP2,DREB
657,M07188_2.00,52,499,2343,27655,0.018352367730781624,0.29865519554398334,0.5185573745906685,0.044294403817306115,True,A. thaliana,OMalley2016,ANAC038,NAC/NAM,.
658,M07104_2.00,35,499,1467,27655,0.018286109116679918,0.4029865775376037,0.700341786684874,0.044294403817306115,True,A. thaliana,OMalley2016,AtMYB74,Myb/SANT,R2R3-MYB
659,M00853_2.00,27,499,1069,27655,0.01848890456731944,0.48519808070900505,0.8408913687772361,0.04447934055033862,True,A. thaliana,Franco_Zorrilla2014,REM1,B3,REM
660,M06658_2.00,40,499,1724,27655,0.018557700800776566,0.3627407520642912,0.6280768453112513,0.04457760960427504,True,A. thaliana,OMalley2016,ERF115,AP2,ERF
661,M06664_2.00,32,499,1319,27655,0.018660384238344735,0.42712786701448213,0.7385380036596685,0.044756861443849404,True,A. thaliana,OMalley2016,ERF086,AP2,ERF
662,M06609_2.00,34,499,1420,27655,0.018697381597994455,0.408144343124322,0.7053628935403404,0.044778263736938675,True,A. thaliana,OMalley2016,DREB2E,AP2,DREB
663,M07313_2.00,5,499,621,27655,0.01881528395709124,-1.164164647067092,-2.0087535523067497,0.044983351722202115,True,A. thaliana,OMalley2016,AT1G68200,C3H,.
664,GBF2-MEME,65,499,3034,27655,0.01883942253945518,0.24771915904744793,0.4272988068136456,0.044983351722202115,True,.,.,GBF2-MEME,.,.
665,M06574_2.00,40,499,1727,27655,0.018871406773560275,0.36023244362446505,0.621111238958372,0.04499236741977375,True,A. thaliana,OMalley2016,ERF087,AP2,ERF
666,M06998_2.00,37,499,1574,27655,0.018907884256915062,0.38159025638749056,0.6576162642269484,0.04501205282056645,True,A. thaliana,OMalley2016,LHY,Myb/SANT,MYB-related
667,M06804_2.00,59,499,2718,27655,0.01895582050333947,0.2666700248604769,0.45927442697529425,0.045058917589905295,True,A. thaliana,OMalley2016,TFIIIA,C2H2 ZF,.
668,1.FDP-MEME,61,499,2827,27655,0.01921260858601772,0.2580378859977379,0.442899753597526,0.045601355200443845,True,.,.,1.FDP-MEME,.,.
669,M01093_2.00,64,499,2988,27655,0.01936177441325684,0.2473922834767898,0.42379654962978097,0.04588711766589102,True,A. thaliana,TF_Evolution,ERF119,AP2,ERF
670,M01098_2.00,6,499,687,27655,0.019578223714533483,-1.046847071830917,-1.7882521327853282,0.046127328081026084,True,C. sativa,TF_Evolution,PK08602.1,AP2,DREB
671,M06602_2.00,28,499,1126,27655,0.019557714492543274,0.4627205262434016,0.7906421870619923,0.046127328081026084,True,A. thaliana,OMalley2016,ERF008,AP2,DREB
672,M06768_2.00,25,499,978,27655,0.019569960651402887,0.5025222510885179,0.8585140628825936,0.046127328081026084,True,A. thaliana,OMalley2016,BZIP18,bZIP,.
673,M02482_2.00,31,499,1276,27655,0.01957880947389007,0.42914041288803273,0.7330635410236311,0.046127328081026084,True,C. sativa,Zoo_01,PK06791.1,SBP,.
674,M06586_2.00,42,499,1838,27655,0.019713664435425774,0.34075308775575275,0.5810632875063967,0.0463765409653453,True,A. thaliana,OMalley2016,ERF8,AP2,ERF
675,M02672_2.00,81,499,3903,27655,0.019762543967460484,0.20183897171170012,0.3439653269618431,0.04642305983519804,True,Zea mays,JASPAR,id1,C2H2 ZF,.
676,M02725_2.00,53,499,2413,27655,0.01986499579789854,0.28366497061347495,0.482772682009948,0.0465951004377179,True,Pisum sativum,JASPAR,PEND,Unknown,.
677,M07230_2.00,52,499,2361,27655,0.01991108335174575,0.2876141081784766,0.489204306191406,0.046634622534558696,True,A. thaliana,OMalley2016,NAC083,NAC/NAM,.
678,M02368_2.00,46,499,2048,27655,0.019974433663781137,0.3159186723230398,0.5369118475681598,0.04664600540809797,True,A. thaliana,Zoo_01,NAC025,NAC/NAM,.
679,M08424_2.00,43,499,1892,27655,0.019949396365134226,0.33292509762872985,0.5659960508914221,0.04664600540809797,True,A. thaliana,JASPAR,SVP,MADS box,.
680,M06635_2.00,57,499,2626,27655,0.0200522144561661,0.2665955295378818,0.4526359298514469,0.046690922711802814,True,A. thaliana,OMalley2016,ERF039,AP2,DREB
681,M01848_2.00,77,499,3692,27655,0.020026486712639444,0.2089564193151542,0.3548905865092815,0.046690922711802814,True,O. tauri,Zoo_01,fgenesh1_pg.C_Chr_07.0001000033,bZIP,.
682,M01781_2.00,75,499,3586,27655,0.020119174886563566,0.2130156338935332,0.36135755586914303,0.04677854802342404,True,A. thaliana,Zoo_01,GBF2,bZIP,.
683,M07061_2.00,41,499,1791,27655,0.020200557391431225,0.3433590988981494,0.5818689120583203,0.046899401803977885,True,A. thaliana,OMalley2016,MYB107,Myb/SANT,R2R3-MYB
684,M06668_2.00,46,499,2051,27655,0.02026688764857267,0.3138068958431878,0.5313418967187925,0.046960545310865576,True,A. thaliana,OMalley2016,ERF003,AP2,DREB
685,M01156_2.00,71,499,3374,27655,0.020285777880367638,0.22185957748314356,0.37556574177287616,0.046960545310865576,True,C. sativa,TF_Evolution,PK09653.1,bZIP,.
686,M07315_2.00,41,499,1793,27655,0.020414667065503184,0.3417489480157358,0.5775754405192856,0.04719042604272113,True,A. thaliana,OMalley2016,AT1G74370,Unknown,.
687,M06631_2.00,24,499,935,27655,0.020534546998850815,0.5084966622121841,0.8580956805736724,0.047341433448475426,True,A. thaliana,OMalley2016,ERF035,AP2,DREB
688,M07158_2.00,39,499,1691,27655,0.020539355452253914,0.35409799071829196,0.5975096197956679,0.047341433448475426,True,A. thaliana,OMalley2016,TRB2,Myb/SANT,MYB-related
689,M02675_2.00,73,499,3486,27655,0.020622095907990898,0.21482442102035917,0.3621224797754853,0.047367632259580905,True,Zea mays,JASPAR,PBF,Dof,.
690,M07312_2.00,47,499,2107,27655,0.020639814683641837,0.3059709691263581,0.5156511015884592,0.047367632259580905,True,A. thaliana,OMalley2016,BHLH157,bHLH,.
691,M06694_2.00,40,499,1743,27655,0.02059132987309957,0.346927957027704,0.5850300273807345,0.047367632259580905,True,A. thaliana,OMalley2016,ARID6,ARID/BRIGHT,.
692,M01154_2.00,63,499,2952,27655,0.02067059265840681,0.24215963370554727,0.40795351770628546,0.04737010817551561,True,C. sativa,TF_Evolution,PK05128.1,bZIP,.
693,M07332_2.00,24,499,937,27655,0.02086675431954023,0.5054139793279963,0.8493709850202037,0.04775103750310856,True,A. thaliana,OMalley2016,FHA2,Unknown,.
694,M06800_2.00,44,499,1954,27655,0.020984560248624735,0.31957358293493904,0.5362764702400439,0.0477727299698481,True,A. thaliana,OMalley2016,ZAT10,C2H2 ZF,.
695,M07074_2.00,54,499,2478,27655,0.02094255847556528,0.2722837462888939,0.4571563131858858,0.0477727299698481,True,A. thaliana,OMalley2016,AT3G11280,Myb/SANT,MYB-related
696,GATATTW-CCA1-DREME2,37,499,1592,27655,0.020975310792380023,0.36518546135132796,0.6128876905793933,0.0477727299698481,True,.,.,GATATTW-CCA1-DREME2,.,.
697,M07232_2.00,48,499,2163,27655,0.020996039942861137,0.2985012670252044,0.5008441148900832,0.0477727299698481,True,A. thaliana,OMalley2016,ANAC087,NAC/NAM,.
698,M06610_2.00,25,499,988,27655,0.021161206578841654,0.48784567445607424,0.8168778598079109,0.04807994942058752,True,A. thaliana,OMalley2016,DREB2E,AP2,DREB
699,M02693_2.00,34,499,1442,27655,0.021405228208482372,0.38596410827554395,0.644359412608922,0.0481542157863602,True,A. thaliana,JASPAR,AGL3,MADS box,.
700,M07367_2.00,39,499,1698,27655,0.0213305994514847,0.3481381915752367,0.5817378526275743,0.0481542157863602,True,A. thaliana,OMalley2016,ZHD1,Homeodomain,HD-ZF
701,M10908_2.00,34,499,1442,27655,0.021405228208482372,0.38596410827554395,0.644359412608922,0.0481542157863602,True,A. thaliana,Transfac,AGL3,MADS box,.
702,M01611_2.00,70,499,3334,27655,0.021259707944654926,0.21860134422457672,0.3655982236470993,0.0481542157863602,True,A. thaliana,Zoo_01,DREB2D,AP2,DREB
703,M06861_2.00,84,499,4089,27655,0.02129605548932381,0.18714179151842156,0.312845088258375,0.0481542157863602,True,A. thaliana,OMalley2016,DOF4.7,Dof,.
704,M06617_2.00,33,499,1391,27655,0.02139753011614051,0.39484413108224126,0.6592461152996959,0.0481542157863602,True,A. thaliana,OMalley2016,ERF4,AP2,ERF
705,M07223_2.00,52,499,2376,27655,0.021256660040961214,0.2784773136063534,0.46575469190273044,0.0481542157863602,True,A. thaliana,OMalley2016,anac075,NAC/NAM,.
706,M07290_2.00,19,499,698,27655,0.021439834909425297,0.5932010034999603,0.9899211182571459,0.04816413616976528,True,A. thaliana,OMalley2016,TCP17,TCP,.
707,M06605_2.00,38,499,1648,27655,0.02151238137151369,0.3537837025263943,0.5898676398187722,0.04822321961995196,True,A. thaliana,OMalley2016,ERF15,AP2,ERF
708,M07358_2.00,58,499,2697,27655,0.02155683735989075,0.2531979051579957,0.4219327757022556,0.04822321961995196,True,A. thaliana,OMalley2016,EMB1789,Unknown,.
709,M06616_2.00,33,499,1392,27655,0.021528243329736296,0.39380733977575194,0.6564734512096845,0.04822321961995196,True,A. thaliana,OMalley2016,ERF4,AP2,ERF
710,M01046_2.00,55,499,2539,27655,0.02165603775935048,0.2636717501431809,0.43886079804595357,0.04837728322992159,True,A. thaliana,Stam_Arabidopsis,RAP2-12,AP2,ERF
711,M07152_2.00,41,499,1806,27655,0.021833625911650674,0.33132654340325246,0.5502916861737948,0.04870578087983612,True,A. thaliana,OMalley2016,MYB99,Myb/SANT,R2R3-MYB
712,M07032_2.00,32,499,1345,27655,0.02204380592925988,0.3989662588220404,0.6609727555568032,0.04910596432565574,True,A. thaliana,OMalley2016,MYB105,Myb/SANT,R2R3-MYB
713,M02702_2.00,62,499,2917,27655,0.022125494560810175,0.23628335575472462,0.3910742391507908,0.04921919640793895,True,A. thaliana,JASPAR,ARR10,Myb/SANT,ARR-B
714,M00869_2.00,33,499,1397,27655,0.022187864801770776,0.3886345302150172,0.6427566214472287,0.049289198271343156,True,A. thaliana,Franco_Zorrilla2014,HSFB2A,HSF,.
715,M00973_2.00,51,499,2334,27655,0.02225402821128564,0.27619321253017465,0.4564345183020144,0.04936742002364478,True,A. thaliana,Lindemose2014,NAC029,NAC/NAM,.
716,M06715_2.00,57,499,2654,27655,0.022426414801520297,0.25129407506057533,0.41444427788345606,0.049680738345034545,True,A. thaliana,OMalley2016,BPC1,BBR,.
717,M01200_2.00,4,499,64,27655,0.022489941634990792,1.792356716266027,2.9538247881251154,0.04975236741721264,True,C. sativa,TF_Evolution,PK09091.1,C2H2 ZF,.
718,M02269_2.00,43,499,1917,27655,0.022585545505665154,0.3139868492999744,0.5168755481928765,0.04989466077775059,True,G. max,Zoo_01,GLYMA11G37390,Trihelix,MADF
719,M01940_2.00,18,499,656,27655,0.022646496515341043,0.6047297130902556,0.9947797582974127,0.049960113336056655,True,A. thaliana,Zoo_01,DOF2.4,Dof,.
720,M07246_2.00,51,499,2339,27655,0.022727652334525755,0.2731059118850953,0.4488346607856718,0.05006989706294002,True,A. thaliana,OMalley2016,NAC105,NAC/NAM,.
721,M01322_2.00,43,499,1919,27655,0.022803053831100057,0.3124824747727447,0.5130984070509632,0.050166718428420125,True,C. sativa,TF_Evolution,PK27683.1,TCR/CxC,.
722,M06900_2.00,43,499,1920,27655,0.02291215772464638,0.3117308753596064,0.5112180643847842,0.05033731621323825,True,A. thaliana,OMalley2016,ATHB-13,Homeodomain,HD-ZIP
723,M06935_2.00,31,499,1301,27655,0.02299633144872588,0.4011477799351068,0.6572170316103851,0.05045274918943299,True,A. thaliana,OMalley2016,ATHB-53,Homeodomain,HD-ZIP
724,M06691_2.00,47,499,2132,27655,0.02313239982011085,0.2889538451844885,0.4726647214870808,0.05068156279268792,True,A. thaliana,OMalley2016,ERF010,AP2,DREB
725,M07141_2.00,42,499,1873,27655,0.023498659958577695,0.3135389548017418,0.5107414448544552,0.050885891939871385,True,A. thaliana,OMalley2016,MYB49,Myb/SANT,R2R3-MYB
726,M06700_2.00,45,499,2030,27655,0.023467965182976645,0.2969458005231631,0.48388047635885556,0.050885891939871385,True,A. thaliana,OMalley2016,HMGB10,ARID/BRIGHT-Sox,.
727,M02523_2.00,43,499,1924,27655,0.02335087291158283,0.30872838719808304,0.5037511461048314,0.050885891939871385,True,A. thaliana,Zoo_01,TCX5,TCR/CxC,.
728,M01051_2.00,42,499,1873,27655,0.023498659958577695,0.3135389548017418,0.5107414448544552,0.050885891939871385,True,A. thaliana,Stam_Arabidopsis,ABR1,AP2,ERF
729,M01695_2.00,8,499,211,27655,0.02351439003263246,1.0712575275588418,1.7447210149517551,0.050885891939871385,True,A. thaliana,Zoo_01,LEC2,B3,FUS
730,M07356_2.00,36,499,1561,27655,0.023487337426178426,0.35402689573043056,0.5767686570049715,0.050885891939871385,True,A. thaliana,OMalley2016,BMY2,BES1,.
731,M01266_2.00,53,499,2453,27655,0.023479932339631315,0.25994565227162414,0.42353027238759866,0.050885891939871385,True,A. thaliana,TF_Evolution,TRP5,Myb/SANT,MYB-related
732,M01250_2.00,40,499,1769,27655,0.023544694828605068,0.32556647846293096,0.5300570411397357,0.050885891939871385,True,C. sativa,TF_Evolution,PK20392.1,Homeodomain,HD-ZIP
733,M00963_2.00,49,499,2241,27655,0.023482188195669423,0.27713962687084187,0.45153290635390564,0.050885891939871385,True,A. thaliana,LehtiShiu2015,DREB1E,AP2,DREB
734,M01076_2.00,52,499,2399,27655,0.023395063461818508,0.2645789921136844,0.43149546812319595,0.050885891939871385,True,A. thaliana,Stam_Arabidopsis,ATMYB65,Myb/SANT,R2R3-MYB
735,M07028_2.00,33,499,1408,27655,0.023673634737363496,0.3773192169871833,0.6134210789022111,0.05109532801907277,True,A. thaliana,OMalley2016,MYB62,Myb/SANT,R2R3-MYB
736,M01632_2.00,24,499,954,27655,0.023807064534188207,0.4794737609816715,0.7783269516648094,0.051192940816016254,True,A. thaliana,Zoo_01,ERF105,AP2,ERF
737,M07191_2.00,25,499,1004,27655,0.023847244530595658,0.46466935208997995,0.7539547380090026,0.051192940816016254,True,A. thaliana,OMalley2016,JUB1,NAC/NAM,.
738,M01251_2.00,39,499,1719,27655,0.023790638023739524,0.33040510565021425,0.5364437176243578,0.051192940816016254,True,C. sativa,TF_Evolution,PK20392.1,Homeodomain,HD-ZIP
739,M06993_2.00,32,499,1358,27655,0.023844448637214074,0.385088952021295,0.6248502301266576,0.051192940816016254,True,A. thaliana,OMalley2016,AGL15,MADS box,.
740,M07057_2.00,43,499,1929,27655,0.023904335746613516,0.30498404291902165,0.49453873781199176,0.05124652623097924,True,A. thaliana,OMalley2016,AT2G40260,Myb/SANT,G2-like
741,M07124_2.00,39,499,1722,27655,0.024152080845166776,0.3278895077314313,0.5302122353510208,0.051502840774710665,True,A. thaliana,OMalley2016,MYB92,Myb/SANT,R2R3-MYB
742,M06893_2.00,32,499,1360,27655,0.02412752380350003,0.3829657801283251,0.6194422654884355,0.051502840774710665,True,A. thaliana,OMalley2016,GATA19,GATA,.
743,M07269_2.00,33,499,2315,27655,0.024153056363312587,-0.3400456425231184,-0.5498632929919922,0.051502840774710665,True,A. thaliana,OMalley2016,HMGB13,HMGBox,.
744,M06615_2.00,30,499,1258,27655,0.024147595634045445,0.4023311049952564,0.6506201328535506,0.051502840774710665,True,A. thaliana,OMalley2016,ERF034,AP2,DREB
745,M06962_2.00,36,499,1568,27655,0.024386520215176424,0.34757187359313135,0.560581354032622,0.051792942401073766,True,A. thaliana,OMalley2016,LBD18,LOB,.
746,M02703_2.00,57,499,2676,27655,0.024366545995051718,0.23938432978930768,0.38617624395265326,0.051792942401073766,True,Hordeum vulgare,JASPAR,Gam1,Myb/SANT,R2R3-MYB
747,M02683_2.00,26,499,1057,27655,0.024352331310872964,0.4470367730244361,0.7212757087676246,0.051792942401073766,True,A. thaliana,JASPAR,HAT5,Homeodomain,HD-ZIP
748,M06563_2.00,27,499,1108,27655,0.024466142551981,0.43350205238030726,0.6985601622364761,0.051855671480632776,True,A. thaliana,OMalley2016,ERF10,AP2,ERF
749,M07318_2.00,35,499,1517,27655,0.024485050257827327,0.3546343629639599,0.5713510676132286,0.051855671480632776,True,A. thaliana,OMalley2016,ZHD5,Homeodomain,HD-ZF
750,M07306_2.00,3,499,37,27655,0.024513590154480947,2.1678658513582336,3.491549736824563,0.051855671480632776,True,A. thaliana,OMalley2016,SRS7,SRS,.
751,M07102_2.00,39,499,1726,27655,0.024637683151194675,0.3245421859493204,0.5219936954505081,0.05204914520020597,True,A. thaliana,OMalley2016,MYB55,Myb/SANT,R2R3-MYB
752,M07305_2.00,14,499,1176,27655,0.02474177480398384,-0.5999607065127334,-0.9638783624778818,0.05219990848195003,True,A. thaliana,OMalley2016,ZHD14,Homeodomain,HD-ZF
753,M07244_2.00,41,499,1832,27655,0.024804030825429587,0.3107049327871666,0.49882985255274376,0.05226212571540316,True,A. thaliana,OMalley2016,anac103,NAC/NAM,.
754,M02362_2.00,31,499,1314,27655,0.024882540750210194,0.3868034663305726,0.6204734811208438,0.052358380602355224,True,O. tauri,Zoo_01,1200010282,Myb/SANT,G2-like
755,M07168_2.00,55,499,2576,27655,0.02500575395178792,0.2427995516760696,0.38895518108070937,0.052410220174903724,True,A. thaliana,OMalley2016,NAC010,NAC/NAM,.
756,M02476_2.00,32,499,1366,27655,0.02498606219048554,0.3766149479759365,0.6034509534418862,0.052410220174903724,True,A. thaliana,Zoo_01,SPL7,SBP,.
757,M07206_2.00,51,499,2362,27655,0.024957501999545918,0.25898880884036535,0.4151069741456018,0.052410220174903724,True,A. thaliana,OMalley2016,NAC054,NAC/NAM,.
758,M01220_2.00,27,499,1112,27655,0.02512799443948459,0.4283031457059881,0.6852174352063188,0.05246731298377197,True,C. sativa,TF_Evolution,PK16340.1,Dof,.
759,M06730_2.00,36,499,1574,27655,0.0251692054850631,0.3420618922008529,0.5470016025119352,0.05246731298377197,True,A. thaliana,OMalley2016,AT2G22750,bHLH,.
760,M02288_2.00,28,499,1163,27655,0.025184847362659652,0.4160762568504128,0.6652479656777155,0.05246731298377197,True,A. thaliana,Zoo_01,MYB3,Myb/SANT,R2R3-MYB
761,M06954_2.00,10,499,922,27655,0.025230363046114798,-0.7343381292759488,-1.1735285076434565,0.05246731298377197,True,A. thaliana,OMalley2016,LBD2,LOB,.
762,M02371_2.00,12,499,387,27655,0.025220314090230733,0.781129460842773,1.2484397773254328,0.05246731298377197,True,A. thaliana,Zoo_01,NTL9,NAC/NAM,.
763,M10440_2.00,69,499,3332,27655,0.02516992145595287,0.19870848767864852,0.31775834715689805,0.05246731298377197,True,Zea mays,Transfac,MNB1A,Dof,.
764,M02314_2.00,48,499,2206,27655,0.025313070277586235,0.2701021413958007,0.43125998187073594,0.052513816865311244,True,A. thaliana,Zoo_01,TRB2,Myb/SANT,MYB-related
765,M01133_2.00,71,499,3443,27655,0.02536528614886184,0.19265337020079346,0.30742858711064747,0.052513816865311244,True,A. thaliana,TF_Evolution,DPBF3,bZIP,.
766,M00863_2.00,11,499,343,27655,0.025426379123701017,0.829723568730512,1.323173020574846,0.052513816865311244,True,A. thaliana,Franco_Zorrilla2014,GATA12,GATA,.
767,M01846_2.00,64,499,3065,27655,0.025450269866385954,0.21068535768788302,0.3358972686950418,0.052513816865311244,True,O. tauri,Zoo_01,1500010105,bZIP,.
768,AATVATTG-HB6-DREME,22,499,863,27655,0.02533224916398205,0.49857158572436927,0.7958829092834633,0.052513816865311244,True,.,.,AATVATTG-HB6-DREME,.,.
769,M02157_2.00,30,499,2128,27655,0.025426572086085952,-0.35603512362664413,-0.5677735502241753,0.052513816865311244,True,Oryza sativa,Zoo_01,HOX6,Homeodomain,HD-ZIP
770,M11057_2.00,36,499,1577,27655,0.025564543101695224,0.339314772917829,0.5403119384648044,0.05257850357507573,True,Zea mays,Transfac,MYBP_MAIZE,Myb/SANT,R2R3-MYB
771,M06699_2.00,21,499,815,27655,0.025600370375372713,0.5140178899263474,0.8181899046042755,0.05257850357507573,True,A. thaliana,OMalley2016,HMGB9,HMGBox,.
772,M07205_2.00,38,499,1681,27655,0.025532795970493044,0.32518022047344525,0.5179801016574913,0.05257850357507573,True,A. thaliana,OMalley2016,NAC054,NAC/NAM,.
773,M07193_2.00,52,499,2422,27655,0.025613477917137206,0.25081328471279013,0.399177229946595,0.05257850357507573,True,A. thaliana,OMalley2016,NAC043,NAC/NAM,.
774,M06971_2.00,29,499,1217,27655,0.02568294466343511,0.40122425867987077,0.6380890797225376,0.05265333770974165,True,A. thaliana,OMalley2016,AT3G10030,Trihelix,MADF
775,M02003_2.00,16,499,574,27655,0.025796144801428795,0.6274497895903391,0.996669602690744,0.05268226755221374,True,A. thaliana,Zoo_01,GATA3,GATA,.
776,M07056_2.00,47,499,2157,27655,0.025743945350760144,0.27213510678321023,0.4325111000587429,0.05268226755221374,True,A. thaliana,OMalley2016,AT2G38300,Myb/SANT,G2-like
777,M06636_2.00,25,499,1015,27655,0.02578871795283271,0.448948893968213,0.713186855659683,0.05268226755221374,True,A. thaliana,OMalley2016,ERF039,AP2,DREB
778,M06575_2.00,35,499,1528,27655,0.0259647818851137,0.3442109051752449,0.5457860850066573,0.05295885819278306,True,A. thaliana,OMalley2016,ERF11,AP2,ERF
779,M00852_2.00,35,499,1530,27655,0.026237790593947832,0.34232379563097937,0.5412388209774446,0.05337917856804438,True,A. thaliana,Franco_Zorrilla2014,ARF3,B3,ARF
780,M00730_2.00,37,499,1634,27655,0.026205322698569355,0.32761781374929344,0.5181637702562973,0.05337917856804438,True,A. thaliana,Chang2013,NAC92,NAC/NAM,.
781,M07078_2.00,30,499,1272,27655,0.026285857853970994,0.3863643565901901,0.6105630328040309,0.05340884493896017,True,A. thaliana,OMalley2016,ATY53,Myb/SANT,R2R3-MYB
782,M01603_2.00,64,499,3076,27655,0.02636446228947955,0.20551692830420043,0.3245073417816917,0.05344646500885291,True,A. thaliana,Zoo_01,WIN1,AP2,DREB
783,M06751_2.00,15,499,529,27655,0.02640489932725774,0.6521233997605198,1.0292564593121931,0.05344646500885291,True,A. thaliana,OMalley2016,TGA3,bZIP,.
784,M02040_2.00,31,499,1324,27655,0.02638012323046739,0.3758656198456847,0.593387766633746,0.05344646500885291,True,A. thaliana,Zoo_01,ATHB-6,Homeodomain,HD-ZIP
785,M02474_2.00,32,499,1376,27655,0.026446845180543705,0.36609196156392904,0.5775562434926385,0.05346352099235388,True,A. thaliana,Zoo_01,SPL5,SBP,.
786,M07213_2.00,35,499,1532,27655,0.02651197479756693,0.3404391512860362,0.5367220408397473,0.05352734152166994,True,A. thaliana,OMalley2016,NAC062,NAC/NAM,.
787,M06957_2.00,30,499,1274,27655,0.026597984812814404,0.384097749618245,0.6050120566921593,0.05363310464783688,True,A. thaliana,OMalley2016,LBD13,LOB,.
788,M02271_2.00,38,499,1690,27655,0.026680576650546975,0.3174766985400661,0.4996463483025737,0.053671344231445685,True,Oryza sativa,Zoo_01,OS02G0104500,Trihelix,MADF
789,M06888_2.00,31,499,1326,27655,0.026684248260524405,0.3736879665403146,0.5880895791730605,0.053671344231445685,True,A. thaliana,OMalley2016,GATA1,GATA,.
790,M06701_2.00,51,499,2380,27655,0.026754595660861174,0.24803620004221685,0.39006212704915627,0.05374506307188107,True,A. thaliana,OMalley2016,ARF5,B3,ARF
791,M01630_2.00,59,499,2811,27655,0.026830991245054926,0.21813202724752526,0.34276465834129827,0.053830730862720264,True,A. thaliana,Zoo_01,ERF096,AP2,ERF
792,1.CBF3-MEME1,46,499,2118,27655,0.02728335443328767,0.2674317983307032,0.4182906735069378,0.05466953557926361,True,.,.,1.CBF3-MEME1,.,.
793,M02519_2.00,29,499,1228,27655,0.027452482527883,0.3882428660234199,0.6062095454335684,0.054878782236666764,True,Lotus japonicus,Zoo_01,LjT20A21.20.nc,TCP,.
794,M06561_2.00,38,499,1696,27655,0.027456594498344877,0.3123637751464133,0.48771022057630686,0.054878782236666764,True,A. thaliana,OMalley2016,ERF023,AP2,DREB
795,M00971_2.00,36,499,1592,27655,0.027578870433499724,0.32565709716469043,0.5078373385612515,0.05505419066512148,True,A. thaliana,Lindemose2014,NAC012,NAC/NAM,.
796,1.GBF3-MEME1,60,499,2875,27655,0.02771618164844525,0.20990107115544554,0.32687192762800266,0.05525913716158772,True,.,.,1.GBF3-MEME1,.,.
797,M02370_2.00,25,499,1026,27655,0.027802214694281943,0.4333978904336977,0.674332708875878,0.05536146371707827,True,A. thaliana,Zoo_01,NAC043,NAC/NAM,.
798,M02510_2.00,15,499,534,27655,0.02784151331756526,0.6385513801869916,0.9931435352076544,0.05537059070014537,True,A. lyrata,Zoo_01,TCP5,TCP,.
799,M07145_2.00,31,499,1334,27655,0.027915359176473066,0.36501007546831704,0.5672828835110892,0.0554483161724465,True,A. thaliana,OMalley2016,AT5G56840,Myb/SANT,MYB-related
800,M01064_2.00,36,499,1596,27655,0.02812598877406167,0.3220367814859936,0.4994443328139533,0.05558214882186624,True,A. thaliana,Stam_Arabidopsis,KNAT7,Homeodomain,HD-KN
801,M06594_2.00,68,499,3316,27655,0.028207215047089597,0.18459126602061607,0.2860499707973755,0.05558214882186624,True,A. thaliana,OMalley2016,ERF021,AP2,DREB
802,M01212_2.00,37,499,1649,27655,0.02819218550910621,0.3144343984575098,0.48733283591955023,0.05558214882186624,True,A. thaliana,TF_Evolution,DOF2.5,Dof,.
803,M01687_2.00,44,499,2019,27655,0.028133157225445928,0.2723631395718512,0.4223757253969532,0.05558214882186624,True,Medicago truncatula,Zoo_01,MTR_4g101990,AT hook,.
804,M02674_2.00,75,499,3699,27655,0.028203452126603808,0.1682558216379127,0.2607456649208712,0.05558214882186624,True,Zea mays,JASPAR,Dof2,Dof,.
805,M02139_2.00,58,499,2772,27655,0.028199887827386607,0.21362616925638567,0.3310677153347305,0.05558214882186624,True,Zea mays,Zoo_01,GRMZM2G135447,Homeodomain,HD-KN
806,M06965_2.00,31,499,1336,27655,0.02822667118853395,0.36284873417884994,0.5621761796569035,0.05558214882186624,True,A. thaliana,OMalley2016,LBD23,LOB,.
807,M06789_2.00,20,499,779,27655,0.02850549504186258,0.5088052930917202,0.7861405128344383,0.05592406468852499,True,A. thaliana,OMalley2016,TGA4,bZIP,.
808,M06650_2.00,44,499,2022,27655,0.028481615728526994,0.27022105300030963,0.4176091750038021,0.05592406468852499,True,A. thaliana,OMalley2016,ERF015,AP2,DREB
809,M06808_2.00,35,499,1546,27655,0.02846257427093517,0.32731512928614626,0.505939447634382,0.05592406468852499,True,A. thaliana,OMalley2016,IDD5,C2H2 ZF,.
810,M06564_2.00,33,499,1443,27655,0.0286881467632991,0.3418952511332822,0.5273041931379046,0.05598311108374988,True,A. thaliana,OMalley2016,DREB1F,AP2,DREB
811,M00889_2.00,30,499,1287,27655,0.028664618677202287,0.36945097365384366,0.5699349599589799,0.05598311108374988,True,A. thaliana,Franco_Zorrilla2014,YAB5,YABBY,.
812,M00979_2.00,45,499,2077,27655,0.02867136441319496,0.2639243117510542,0.40711687975625627,0.05598311108374988,True,A. thaliana,Lindemose2014,NAC92,NAC/NAM,.
813,M06612_2.00,36,499,1600,27655,0.028677011519230213,0.3184255279336148,0.49116058514880184,0.05598311108374988,True,A. thaliana,OMalley2016,ERF13,AP2,ERF
814,M07217_2.00,54,499,2561,27655,0.028711087690600247,0.22475268083202718,0.3465574758575642,0.05598311108374988,True,A. thaliana,OMalley2016,BRN2,NAC/NAM,.
815,M07170_2.00,45,499,2080,27655,0.029015140104637384,0.26184199956724724,0.40254942997624155,0.05632174875848898,True,A. thaliana,OMalley2016,ANAC13,NAC/NAM,.
816,M00859_2.00,31,499,1341,27655,0.02901086764508482,0.35745950474842836,0.5495722844326486,0.05632174875848898,True,A. thaliana,Franco_Zorrilla2014,AT4G35610,C2H2 ZF,.
817,M07080_2.00,40,499,1814,27655,0.02905027062660218,0.2893260706248669,0.44465071882419427,0.05632174875848898,True,A. thaliana,OMalley2016,PHL12,Myb/SANT,G2-like
818,M06963_2.00,40,499,1814,27655,0.02905027062660218,0.2893260706248669,0.44465071882419427,0.05632174875848898,True,A. thaliana,OMalley2016,LBD18,LOB,.
819,M07161_2.00,34,499,1498,27655,0.02909071579568666,0.33099764905761525,0.508493679501791,0.05632174875848898,True,A. thaliana,OMalley2016,NAC004,NAC/NAM,.
820,M01674_2.00,10,499,308,27655,0.02909662757178365,0.8474982704584879,1.3018906928313738,0.05632174875848898,True,Brachypodium distachyon,Zoo_01,BRADI5G22430,AT hook,.
821,M06591_2.00,40,499,1815,27655,0.02917729176541061,0.28853097827027635,0.4428820740296774,0.05640943074646051,True,A. thaliana,OMalley2016,ERF118,AP2,ERF
822,M06618_2.00,41,499,1872,27655,0.02966351285788946,0.27954400130070595,0.4270810129653419,0.05672711338325669,True,A. thaliana,OMalley2016,AT3G16280,AP2,DREB
823,M00846_2.00,64,499,3115,27655,0.029657975174092348,0.18734026835466278,0.2862294219022476,0.05672711338325669,True,A. thaliana,Franco_Zorrilla2014,DREB2C,AP2,DREB
824,M07067_2.00,42,499,1926,27655,0.029752060366524325,0.27328215120132804,0.41716054529660634,0.05672711338325669,True,A. thaliana,OMalley2016,MYB83,Myb/SANT,R2R3-MYB
825,M02366_2.00,52,499,2463,27655,0.029720925250781294,0.22659552190815796,0.3459972392865633,0.05672711338325669,True,O. tauri,Zoo_01,estExt_fgenesh1_pg.C_Chr_13.00010057,Myb/SANT,MYB-related
826,M07174_2.00,39,499,1766,27655,0.029698965943631344,0.29148930747980917,0.4451795725424463,0.05672711338325669,True,A. thaliana,OMalley2016,NAC017,NAC/NAM,.
827,M07143_2.00,29,499,1242,27655,0.02977589973345819,0.37188825317311774,0.5675517189152933,0.05672711338325669,True,A. thaliana,OMalley2016,MYB80,Myb/SANT,R2R3-MYB
828,M01267_2.00,34,499,1502,27655,0.029676199396795756,0.32715046000209475,0.4997523337368013,0.05672711338325669,True,A. thaliana,TF_Evolution,MYB124,Myb/SANT,R2R3-MYB
829,M02375_2.00,26,499,1087,27655,0.02967527598232679,0.40666020937980996,0.6212162640571555,0.05672711338325669,True,A. thaliana,Zoo_01,NAC100,NAC/NAM,.
830,M02313_2.00,39,499,1765,27655,0.029568456661851622,0.29230646696973267,0.44698667268332615,0.05672711338325669,True,A. thaliana,Zoo_01,ARR18,Myb/SANT,ARR-B
831,M00981_2.00,38,499,1712,27655,0.029564399680268957,0.29881724330846565,0.4569605724203241,0.05672711338325669,True,A. thaliana,Lindemose2014,VOZ2,VOZ,.
832,M07300_2.00,27,499,1139,27655,0.029803963018914803,0.3936921867213838,0.6006663990382349,0.05672711338325669,True,A. thaliana,OMalley2016,TCX2,TCR/CxC,.
833,AGATHYG-ARR10-4DREME,48,499,2247,27655,0.02969627429482021,0.24353480780727604,0.3719502331760645,0.05672711338325669,True,.,.,AGATHYG-ARR10-4DREME,.,.
834,M01101_2.00,31,499,1345,27655,0.02964409978798344,0.3531625692089158,0.5396542077058063,0.05672711338325669,True,C. sativa,TF_Evolution,PK24580.1,AP2,ERF
835,M01616_2.00,53,499,2519,27655,0.029911421539460345,0.2216417640949848,0.33781816426266936,0.05686378707442104,True,A. thaliana,Zoo_01,ERF4,AP2,ERF
836,M07101_2.00,38,499,1715,27655,0.029965292411659315,0.2962913686494378,0.4513647836700248,0.05689838261499597,True,A. thaliana,OMalley2016,RVE5,Myb/SANT,MYB-related
837,M06901_2.00,33,499,1452,27655,0.03003914294654392,0.33292509762872957,0.5068160251803955,0.056903587704508346,True,A. thaliana,OMalley2016,ATHB-13,Homeodomain,HD-ZIP
838,M00882_2.00,41,499,1875,27655,0.03003938611109469,0.2772338406135051,0.4220355559430663,0.056903587704508346,True,A. thaliana,Franco_Zorrilla2014,MYB111,Myb/SANT,R2R3-MYB
839,M01957_2.00,9,499,267,27655,0.030369090588367217,0.9015857860207857,1.3682179301280657,0.057323904720054095,True,O. tauri,Zoo_01,fgenesh1_pg.C_Chr_08.0001000114,Dof,.
840,M00969_2.00,48,499,2253,27655,0.030353400749828303,0.2396876187517553,0.3637961046365858,0.057323904720054095,True,A. thaliana,Lindemose2014,NAC001,NAC/NAM,.
841,M06815_2.00,39,499,1771,27655,0.030354075179563653,0.28741043837636115,0.43622667582841584,0.057323904720054095,True,A. thaliana,OMalley2016,IDD2,C2H2 ZF,.
842,M06803_2.00,35,499,1560,27655,0.030463002448104647,0.31430941946138286,0.4765645207430091,0.057433202015043636,True,A. thaliana,OMalley2016,IDD7,C2H2 ZF,.
843,M06940_2.00,9,499,832,27655,0.030818558296784714,-0.7381580004327527,-1.115495277324111,0.057909680705239004,True,A. thaliana,OMalley2016,HSFA1E,HSF,.
844,M02726_2.00,20,499,789,27655,0.030829814676326294,0.49040332113993074,0.7410136820592321,0.057909680705239004,True,A. thaliana,JASPAR,ZAP1,WRKY,.
845,M06673_2.00,31,499,1352,27655,0.03076414439252134,0.3456735903707177,0.5226429682692395,0.057909680705239004,True,A. thaliana,OMalley2016,ERF2,AP2,ERF
846,M06584_2.00,42,499,1935,27655,0.030860958369563107,0.26655628801301473,0.4026574207228673,0.057909680705239004,True,A. thaliana,OMalley2016,ERF3,AP2,ERF
847,M06677_2.00,34,499,1511,27655,0.03100782344578575,0.31853161235153715,0.48051408464297224,0.05811689588252441,True,A. thaliana,OMalley2016,ERF105,AP2,ERF
848,M06786_2.00,13,499,450,27655,0.031112659862299816,0.679015243190082,1.0233186536363106,0.05824494422578428,True,A. thaliana,OMalley2016,TGA2,bZIP,.
849,M06902_2.00,32,499,1407,27655,0.031185704860180807,0.3339501030294941,0.5029436944241916,0.05831324648533223,True,A. thaliana,OMalley2016,ATHB-X,Homeodomain,HD-ZIP
850,M01083_2.00,46,499,2153,27655,0.031231162224878182,0.243786068155806,0.36699843679193217,0.058329863874333365,True,A. thaliana,Stam_Arabidopsis,TRB2,Myb/SANT,MYB-related
851,M06579_2.00,40,499,1832,27655,0.0313610283376924,0.2750810230564454,0.41361449595801636,0.0583505244651565,True,A. thaliana,OMalley2016,RAP2-6,AP2,ERF
852,M07099_2.00,32,499,1408,27655,0.03134319948922129,0.33292509762872957,0.5006716297328977,0.0583505244651565,True,A. thaliana,OMalley2016,AtMYB17,Myb/SANT,R2R3-MYB
853,M01265_2.00,18,499,692,27655,0.03138855798815315,0.5276534900716149,0.7931838359644675,0.0583505244651565,True,C. sativa,TF_Evolution,PK26075.1,Trihelix,MADF
854,M10439_2.00,73,499,3631,27655,0.03136010402137674,0.1560300603458371,0.234610310259857,0.0583505244651565,True,Zea mays,Transfac,Dof3,Dof,.
855,M01620_2.00,70,499,3467,27655,0.03149184373908566,0.1621676120081599,0.24354362980616132,0.058474378071992586,True,A. thaliana,Zoo_01,ERF039,AP2,DREB
856,M06569_2.00,54,499,2592,27655,0.031778376256832275,0.20739421554487086,0.31064922048892807,0.058732920196578775,True,A. thaliana,OMalley2016,ERF017,AP2,DREB
857,M06607_2.00,38,499,1728,27655,0.031720539400410176,0.2853967275461441,0.42771249880184664,0.058732920196578775,True,A. thaliana,OMalley2016,AT2G33710,AP2,ERF
858,M01289_2.00,34,499,1516,27655,0.03175553831173983,0.31376551934527463,0.47007738918613173,0.058732920196578775,True,A. thaliana,TF_Evolution,anac028,NAC/NAM,.
859,M06759_2.00,14,499,499,27655,0.0317082073693893,0.6368156329863707,0.9544772991073058,0.058732920196578775,True,A. thaliana,OMalley2016,TGA7,bZIP,.
860,M06613_2.00,32,499,1411,27655,0.03181719197637983,0.3298544436687627,0.4939036429870955,0.05873659861380305,True,A. thaliana,OMalley2016,ERF13,AP2,ERF
861,M07352_2.00,39,499,1783,27655,0.03194230458009594,0.2776679475032803,0.4152895545503352,0.05889939399451216,True,A. thaliana,OMalley2016,AT5G08750,Unknown,.
862,M02374_2.00,26,499,1100,27655,0.03211825029276834,0.38950862599509706,0.5816330242026534,0.05915543789487933,True,A. thaliana,Zoo_01,NAC083,NAC/NAM,.
863,M06912_2.00,29,499,1256,27655,0.032170104548922024,0.35571696250197227,0.5309244729402701,0.05918260294755551,True,A. thaliana,OMalley2016,ATHB-20,Homeodomain,HD-ZIP
864,M06925_2.00,33,499,1467,27655,0.03233658668588454,0.31809767995109045,0.4740628251304915,0.05942034074191917,True,A. thaliana,OMalley2016,HB-5,Homeodomain,HD-ZIP
865,M06898_2.00,36,499,1629,27655,0.032773438120914655,0.29251082918282184,0.4342258895882479,0.060153778829526904,True,A. thaliana,OMalley2016,ATHB-9,Homeodomain,HD-ZIP
866,M01067_2.00,35,499,1577,27655,0.03294826436737844,0.29867278842048306,0.4426830875931128,0.06040515134019381,True,A. thaliana,Stam_Arabidopsis,LBD30,LOB,.
867,M00729_2.00,24,499,1002,27655,0.033110984237865085,0.40865242379197475,0.604816992485015,0.06063377710607899,True,A. thaliana,Chang2013,AT3G24120,Myb/SANT,G2-like
868,M06763_2.00,24,499,1718,27655,0.03322074653853322,-0.3691951041512804,-0.5458884150994099,0.06076501230385377,True,A. thaliana,OMalley2016,BZIP2,bZIP,.
869,M07069_2.00,29,499,1263,27655,0.03339041977517081,0.34769878760604694,0.5133348827478074,0.0608659651901685,True,A. thaliana,OMalley2016,RVE8,Myb/SANT,MYB-related
870,M06881_2.00,11,499,363,27655,0.033364341857738976,0.7479625969075736,1.10452940951546,0.0608659651901685,True,A. thaliana,OMalley2016,FAR1,FAR1,.
871,M00851_2.00,29,499,1263,27655,0.03339041977517081,0.34769878760604694,0.5133348827478074,0.0608659651901685,True,A. thaliana,Franco_Zorrilla2014,TOE2,AP2,AP2
872,M06731_2.00,40,499,1848,27655,0.033451428072687035,0.26253576973733184,0.387393932279113,0.06090756595426464,True,A. thaliana,OMalley2016,BHLH10,bHLH,.
873,M06799_2.00,46,499,2174,27655,0.03365282258466024,0.22978244729573077,0.3384646054755693,0.061204392271987554,True,A. thaliana,OMalley2016,ZAT10,C2H2 ZF,.
874,M06620_2.00,29,499,2002,27655,0.03369976557167377,-0.3168885474423943,-0.4665781793644854,0.061219961374509864,True,A. thaliana,OMalley2016,ERF7,AP2,ERF
875,M06671_2.00,30,499,1319,27655,0.03399282599804437,0.3340184626230008,0.4905437658581321,0.0614933411940589,True,A. thaliana,OMalley2016,ERF9,AP2,ERF
876,M07149_2.00,32,499,1426,27655,0.03421810221012252,0.3145984498221389,0.46112081565044327,0.0614933411940589,True,A. thaliana,OMalley2016,AT5G61620,Myb/SANT,MYB-related
877,AYATATA-ATH1-DREME3,29,499,1267,27655,0.034093928884149034,0.34313690225278975,0.5034926513475296,0.0614933411940589,True,.,.,AYATATA-ATH1-DREME3,.,.
878,M06739_2.00,42,499,1961,27655,0.0341138168267756,0.2473003188526384,0.3628068013260866,0.0614933411940589,True,A. thaliana,OMalley2016,BIM1,bHLH,.
879,M06805_2.00,47,499,2233,27655,0.03418033120506405,0.22217803212119086,0.3257627037164599,0.0614933411940589,True,A. thaliana,OMalley2016,SGR5,C2H2 ZF,.
880,M00843_2.00,56,499,2726,27655,0.034175078477200006,0.18714179151842156,0.2744042272155971,0.0614933411940589,True,A. thaliana,Franco_Zorrilla2014,ERF037,AP2,DREB
881,M07231_2.00,39,499,1798,27655,0.0339539343193743,0.2655816296138278,0.3901686002033692,0.0614933411940589,True,A. thaliana,OMalley2016,NAC083,NAC/NAM,.
882,M06753_2.00,15,499,555,27655,0.03427434502916512,0.5829033506370772,0.8539713829021388,0.0614933411940589,True,A. thaliana,OMalley2016,VIP1,bZIP,.
883,M00970_2.00,48,499,2286,27655,0.03401030342960181,0.21870952877270491,0.32115077415772125,0.0614933411940589,True,A. thaliana,Lindemose2014,NAC002,NAC/NAM,.
884,M00840_2.00,62,499,3058,27655,0.03424449059516842,0.16818033529209772,0.24645302569285965,0.0614933411940589,True,A. thaliana,Franco_Zorrilla2014,DREB1F,AP2,DREB
885,M00884_2.00,51,499,2451,27655,0.034126693620706854,0.205627289370683,0.3016358606380311,0.0614933411940589,True,A. thaliana,Franco_Zorrilla2014,anac046,NAC/NAM,.
886,M06754_2.00,14,499,507,27655,0.034397577500499106,0.6138697013202906,0.8983812068063056,0.06150687905078035,True,A. thaliana,OMalley2016,VIP1,bZIP,.
887,M06959_2.00,32,499,1427,27655,0.0343798143751917,0.3135870967902635,0.4589963273940545,0.06150687905078035,True,A. thaliana,OMalley2016,LBD16,LOB,.
888,M07263_2.00,14,499,507,27655,0.034397577500499106,0.6138697013202906,0.8983812068063056,0.06150687905078035,True,A. thaliana,OMalley2016,SPL15,SBP,.
889,M01070_2.00,44,499,2073,27655,0.0345584688704877,0.23428393379390972,0.3423932024972091,0.06172537273060233,True,A. thaliana,Stam_Arabidopsis,TRB1,Myb/SANT,MYB-related
890,M07044_2.00,29,499,1271,27655,0.03480158940176208,0.33858939638864033,0.4937990876041466,0.06202070960425756,True,A. thaliana,OMalley2016,EFM,Myb/SANT,G2-like
891,M01047_2.00,59,499,2898,27655,0.03478176443945106,0.17415788607093902,0.25403512021166913,0.06202070960425756,True,A. thaliana,Stam_Arabidopsis,ERF118,AP2,ERF
892,M06565_2.00,41,499,1913,27655,0.03489307256671224,0.24828756253799827,0.36181972862639006,0.06211434234810939,True,A. thaliana,OMalley2016,DREB1F,AP2,DREB
893,M00978_2.00,9,499,276,27655,0.03494532444039369,0.8537572609301703,1.2435921519314783,0.06213800722678699,True,A. thaliana,Lindemose2014,NAC066,NAC/NAM,.
894,M00868_2.00,9,499,277,27655,0.0354724447807409,0.8485395516591512,1.230474737770277,0.06264865327705238,True,A. thaliana,Franco_Zorrilla2014,HSFC1,HSF,.
895,M06770_2.00,60,499,2961,27655,0.03547101810975642,0.16737853669699176,0.24272002581535018,0.06264865327705238,True,A. thaliana,OMalley2016,GBF3,bZIP,.
896,M07105_2.00,26,499,1117,27655,0.035414041281386886,0.36738296392380426,0.5330082089110812,0.06264865327705238,True,A. thaliana,OMalley2016,AtMYB74,Myb/SANT,R2R3-MYB
897,M06794_2.00,16,499,608,27655,0.03553790706334856,0.5444292028224412,0.7890456822269101,0.06264865327705238,True,A. thaliana,OMalley2016,TGA1,bZIP,.
898,M07222_2.00,50,499,2407,27655,0.03527779721124414,0.20319247956625494,0.2951367800251167,0.06264865327705238,True,A. thaliana,OMalley2016,NAC073,NAC/NAM,.
899,2.HSF6A-MEME,33,499,1486,27655,0.0353137443827084,0.2995324350858843,0.43493793873358744,0.06264865327705238,True,.,.,2.HSF6A-MEME,.,.
900,M02657_2.00,47,499,2245,27655,0.035546728034941945,0.21444583831515493,0.31077498791868136,0.06264865327705238,True,A. thaliana,JASPAR,TGA1,bZIP,.
901,M06982_2.00,32,499,1434,27655,0.03551678067282889,0.3065274075641222,0.44433183271172955,0.06264865327705238,True,A. thaliana,OMalley2016,AGL63,MADS box,.
902,M00850_2.00,72,499,3633,27655,0.03569698806665772,0.13533606729285458,0.1958811506903778,0.06269578785957534,True,A. thaliana,Franco_Zorrilla2014,RAP2-10,AP2,DREB
903,M06687_2.00,33,499,1489,27655,0.03578926307751517,0.2966227970423806,0.42898990270131726,0.06269578785957534,True,A. thaliana,OMalley2016,AT5G65130,AP2,DREB
904,M00964_2.00,49,499,2357,27655,0.03580931833233426,0.2043305171310677,0.2954627340918532,0.06269578785957534,True,A. lyrata,LehtiShiu2015,DDF1,AP2,DREB
905,M02677_2.00,73,499,3690,27655,0.035767019891591006,0.13277617419828594,0.19206302553878624,0.06269578785957534,True,Zea mays,JASPAR,MNB1A,Dof,.
906,M06933_2.00,35,499,1596,27655,0.03578174511084504,0.2813947969886476,0.40699212359911346,0.06269578785957534,True,A. thaliana,OMalley2016,ATHB-5,Homeodomain,HD-ZIP
907,M07027_2.00,32,499,1435,27655,0.035679870077584046,0.30552169470297674,0.44226609750532214,0.06269578785957534,True,A. thaliana,OMalley2016,MYB62,Myb/SANT,R2R3-MYB
908,M07180_2.00,37,499,1704,27655,0.035849188273283886,0.26710046166913864,0.38609923925391526,0.0626967711577717,True,A. thaliana,OMalley2016,NAC029,NAC/NAM,.
909,M06634_2.00,36,499,1652,27655,0.036117841677275615,0.2722837462888939,0.3927089142274749,0.06309743425548149,True,A. thaliana,OMalley2016,RAP2-9,AP2,DREB
910,M01073_2.00,43,499,2033,27655,0.036328131840106526,0.2292269711233926,0.33003112136074064,0.06339537230303054,True,A. thaliana,Stam_Arabidopsis,MYB83,Myb/SANT,R2R3-MYB
911,M01624_2.00,50,499,2420,27655,0.03667230409889812,0.19542157387879508,0.28055928904521643,0.06369850882071212,True,A. thaliana,Zoo_01,DREB1A,AP2,DREB
912,M07020_2.00,41,499,1927,27655,0.036708671228387786,0.23776786458838972,0.34125188987930954,0.06369850882071212,True,A. thaliana,OMalley2016,AtMYB93,Myb/SANT,R2R3-MYB
913,M07151_2.00,41,499,1927,27655,0.036708671228387786,0.23776786458838972,0.34125188987930954,0.06369850882071212,True,A. thaliana,OMalley2016,MYB99,Myb/SANT,R2R3-MYB
914,M06608_2.00,44,499,2091,27655,0.03674145963326342,0.22181098831374504,0.3182640757512849,0.06369850882071212,True,A. thaliana,OMalley2016,ERF038,AP2,DREB
915,M06675_2.00,31,499,1387,27655,0.03655081411249465,0.30880095432929944,0.443778760998087,0.06369850882071212,True,A. thaliana,OMalley2016,ERF5,AP2,ERF
916,M07062_2.00,41,499,1927,27655,0.036708671228387786,0.23776786458838972,0.34125188987930954,0.06369850882071212,True,A. thaliana,OMalley2016,MYB107,Myb/SANT,R2R3-MYB
917,M07163_2.00,38,499,1765,27655,0.036833786050964545,0.25483176155106996,0.3653659654128221,0.06373859908751912,True,A. thaliana,OMalley2016,NAC005,NAC/NAM,.
918,M07291_2.00,17,499,662,27655,0.03684450680795776,0.5091321507091486,0.7299057263641381,0.06373859908751912,True,A. thaliana,OMalley2016,TCP17,TCP,.
919,M01134_2.00,50,499,2422,27655,0.03688644893866928,0.194229756346423,0.2783571029879952,0.06374202173041985,True,A. thaliana,TF_Evolution,TGA1,bZIP,.
920,M06660_2.00,13,499,1051,27655,0.03694397043092299,-0.5447505195550595,-0.7803313855860164,0.06377232991052183,True,A. thaliana,OMalley2016,SHN2,AP2,ERF
921,M02360_2.00,33,499,1497,27655,0.03706296247391336,0.2888923295660637,0.41342221962306547,0.06386045244724181,True,O. tauri,Zoo_01,600010132,Myb/SANT,MYB-related
922,M07093_2.00,9,499,280,27655,0.03707509653049901,0.832998700763373,1.1919525929529284,0.06386045244724181,True,A. thaliana,OMalley2016,TRP2,Myb/SANT,MYB-related
923,M00867_2.00,32,499,1445,27655,0.037318627198094964,0.2955029388779857,0.4220001645763118,0.06386610555897153,True,A. thaliana,Franco_Zorrilla2014,ATHB-51,Homeodomain,HD-ZIP
924,M08047_2.00,41,499,1931,27655,0.03722844321634486,0.23477627193346037,0.3355246688133008,0.06386610555897153,True,A. thaliana,JASPAR,PIF5,bHLH,.
925,M07039_2.00,28,499,1232,27655,0.037305764568547665,0.33292509762872957,0.47549163290337365,0.06386610555897153,True,A. thaliana,OMalley2016,ATMYB63,Myb/SANT,R2R3-MYB
926,M06892_2.00,28,499,1232,27655,0.037305764568547665,0.33292509762872957,0.47549163290337365,0.06386610555897153,True,A. thaliana,OMalley2016,ZIM,GATA,.
927,M07208_2.00,46,499,2205,27655,0.03725479545832392,0.20935573187815693,0.29913119973291935,0.06386610555897153,True,A. thaliana,OMalley2016,anac057,NAC/NAM,.
928,M07317_2.00,32,499,1445,27655,0.037318627198094964,0.2955029388779857,0.4220001645763118,0.06386610555897153,True,A. thaliana,OMalley2016,ZHD5,Homeodomain,HD-ZF
929,M02373_2.00,26,499,1128,27655,0.03759667254468014,0.3532450820083256,0.503321463571945,0.06399983244731114,True,A. thaliana,Zoo_01,NAC079,NAC/NAM,.
930,M06899_2.00,34,499,1554,27655,0.03757776903057035,0.2780487691086562,0.3962386833665897,0.06399983244731114,True,A. thaliana,OMalley2016,ATHB-15,Homeodomain,HD-ZIP
931,M06809_2.00,35,499,1608,27655,0.037592104369540004,0.2705880420320648,0.3855618108685156,0.06399983244731114,True,A. thaliana,OMalley2016,IDD4,C2H2 ZF,.
932,M01697_2.00,51,499,2484,27655,0.03759739373237024,0.18633260001704116,0.26549456282877526,0.06399983244731114,True,A. thaliana,Zoo_01,ARF8,B3,ARF
933,M07288_2.00,23,499,971,27655,0.037560030936312404,0.3925911869038475,0.5595500343679873,0.06399983244731114,True,A. thaliana,OMalley2016,TCP16,TCP,.
934,M01612_2.00,66,499,3325,27655,0.03790483001183205,0.1376122103485661,0.1955889840951992,0.06445437512672934,True,A. thaliana,Zoo_01,RAP2-4,AP2,DREB
935,M06894_2.00,30,499,1343,27655,0.038154803148429534,0.3080037224471032,0.4368881211960907,0.06481034187619288,True,A. thaliana,OMalley2016,GATA19,GATA,.
936,M06897_2.00,10,499,328,27655,0.03839250708362063,0.7567328065353055,1.071347139794799,0.06514473276422862,True,A. thaliana,OMalley2016,GATA16,GATA,.
937,M06762_2.00,25,499,1739,27655,0.038701057702695725,-0.32782931126583525,-0.4629858504886931,0.06525178333594048,True,A. thaliana,OMalley2016,BZIP2,bZIP,.
938,M01785_2.00,43,499,2052,27655,0.03868503556050195,0.21580645536107115,0.30481733843124564,0.06525178333594048,True,A. thaliana,Zoo_01,TGA5,bZIP,.
939,M00975_2.00,33,499,1507,27655,0.03866425241621831,0.2792871340266564,0.39454624822506856,0.06525178333594048,True,A. thaliana,Lindemose2014,NTL8,NAC/NAM,.
940,ATVATK-REV-DREME2,49,499,2382,27655,0.03853596690573611,0.18910886251712125,0.26742522295433285,0.06525178333594048,True,.,.,ATVATK-REV-DREME2,.,.
941,M07171_2.00,42,499,1997,27655,0.03867761117088341,0.2210555216008148,0.31224984537874656,0.06525178333594048,True,A. thaliana,OMalley2016,ANAC13,NAC/NAM,.
942,1.FD-MEME,50,499,2438,27655,0.03859305715278912,0.18473049542053965,0.2611148589681277,0.06525178333594048,True,.,.,1.FD-MEME,.,.
943,M06911_2.00,27,499,1187,27655,0.03881930849554802,0.334139998787589,0.47145556811702677,0.06538204545976674,True,A. thaliana,OMalley2016,ATHB-7,Homeodomain,HD-ZIP
944,M01060_2.00,11,499,376,27655,0.03906678846461963,0.697199483225687,0.9817909362024436,0.06572945949479779,True,A. thaliana,Stam_Arabidopsis,IDD9,C2H2 ZF,.
945,M06884_2.00,27,499,1189,27655,0.039208321356975655,0.33171121868383974,0.4665922152320104,0.06589807435656077,True,A. thaliana,OMalley2016,GATA20,GATA,.
946,M07008_2.00,28,499,1243,27655,0.03936625192340243,0.3201010572711463,0.44970227135775925,0.0659189739102796,True,A. thaliana,OMalley2016,RVE7,Myb/SANT,MYB-related
947,M01264_2.00,42,499,2002,27655,0.03931135427757557,0.2174478802087937,0.3056190803673017,0.0659189739102796,True,C. sativa,TF_Evolution,PK20543.1,Trihelix,MADF
948,M06690_2.00,45,499,2168,27655,0.03937737839897295,0.20206077124183028,0.2838455151913701,0.0659189739102796,True,A. thaliana,OMalley2016,ERF010,AP2,DREB
949,CCACSK-bZIP60-1DREME,71,499,3628,27655,0.03942739881530203,0.11714509524218683,0.16449536228564696,0.0659189739102796,True,.,.,CCACSK-bZIP60-1DREME,.,.
950,M02220_2.00,26,499,1137,27655,0.03940544474905458,0.34177989551487115,0.48001064376110747,0.0659189739102796,True,P. patens,Zoo_01,estExt_gwp_gw1.C_70211,Homeodomain,HD-ZIP
951,M01645_2.00,25,499,1086,27655,0.03978647265339283,0.3514045182363904,0.49205929394078185,0.06624625857800892,True,A. thaliana,Zoo_01,RAV1,AP2,B3
952,M01786_2.00,54,499,2672,27655,0.03970753806493037,0.16353992595544317,0.22914021222855585,0.06624625857800892,True,A. thaliana,Zoo_01,TGA4,bZIP,.
953,M06891_2.00,33,499,1514,27655,0.03978928885124297,0.27260134563874866,0.3817056243239972,0.06624625857800892,True,A. thaliana,OMalley2016,GATA4,GATA,.
954,M07194_2.00,49,499,2393,27655,0.03972524418548859,0.18246187884273632,0.25561694477977015,0.06624625857800892,True,A. thaliana,OMalley2016,NAC045,NAC/NAM,.
955,M06560_2.00,34,499,1569,27655,0.03991740366611029,0.26418992054826895,0.36955882455643746,0.066351642526299,True,A. thaliana,OMalley2016,ERF023,AP2,DREB
956,M01218_2.00,11,499,378,27655,0.039977384619293635,0.6895459106822516,0.9641131776714947,0.066351642526299,True,C. sativa,TF_Evolution,PK14080.1,Dof,.
957,M01094_2.00,50,499,2451,27655,0.039967442846744375,0.17705813717391214,0.24757926666124264,0.066351642526299,True,A. thaliana,TF_Evolution,TINY,AP2,DREB
958,M07296_2.00,32,499,1462,27655,0.04012866843577509,0.27862912031358944,0.3891181747492583,0.06653349912168531,True,A. thaliana,OMalley2016,AT2G20110,TCR/CxC,.
959,M01640_2.00,33,499,1517,27655,0.04027209264668897,0.26974546537744676,0.37629379199677326,0.06660057362214128,True,P. patens,Zoo_01,estExt_gwp_gw1.C_550163,AP2,DREB
960,M07134_2.00,36,499,1680,27655,0.04024466230705276,0.24803620004221685,0.3460828542995345,0.06660057362214128,True,A. thaliana,OMalley2016,PHL11,Myb/SANT,G2-like
961,M06623_2.00,31,499,1409,27655,0.04029439093753375,0.28609713034326584,0.3990355187126358,0.06660057362214128,True,A. thaliana,OMalley2016,PLT1,AP2,ANT
962,M00866_2.00,18,499,1328,27655,0.04046656896611112,-0.4127577136385853,-0.5749317120733228,0.06665119437264191,True,A. thaliana,Franco_Zorrilla2014,WOX13,Homeodomain,HD-WOX
963,M06633_2.00,24,499,1036,27655,0.040371479599558974,0.3605109293006293,0.5025253173804403,0.06665119437264191,True,A. thaliana,OMalley2016,RAP2-9,AP2,DREB
964,M07179_2.00,50,499,2456,27655,0.040492167615730414,0.17411806067057234,0.24248185619957477,0.06665119437264191,True,A. thaliana,OMalley2016,anac028,NAC/NAM,.
965,M07010_2.00,33,499,1518,27655,0.040433083776007094,0.2687947602090141,0.374501830107523,0.06665119437264191,True,A. thaliana,OMalley2016,MYB51,Myb/SANT,R2R3-MYB
966,2.DREB2A-MEME,49,499,2402,27655,0.04069089824625355,0.17704612467560107,0.24618311846635005,0.06686367471407105,True,.,.,2.DREB2A-MEME,.,.
967,M07236_2.00,19,499,777,27655,0.04070509601715548,0.4385134413019025,0.6096876965591992,0.06686367471407105,True,A. thaliana,OMalley2016,ANAC094,NAC/NAM,.
968,M06714_2.00,61,499,3078,27655,0.04075719970105985,0.1353165375007029,0.18806233690300023,0.06688038428311775,True,A. thaliana,OMalley2016,ARF2,B3,ARF
969,M02359_2.00,45,499,2182,27655,0.04102261351643562,0.1927744262720944,0.26737363268869596,0.06717768845863945,True,O. tauri,Zoo_01,100010593,Myb/SANT,MYB
970,M00980_2.00,12,499,428,27655,0.040987543408684865,0.6358522305860362,0.8821483905806309,0.06717768845863945,True,A. thaliana,Lindemose2014,NAC105,NAC/NAM,.
971,M06771_2.00,31,499,2059,27655,0.04117908019917178,-0.2611750879793519,-0.3618119499769925,0.0673522151694259,True,A. thaliana,OMalley2016,GBF3,bZIP,.
972,M07133_2.00,51,499,2519,27655,0.041213643890507634,0.16614665150328156,0.23010629795619944,0.0673522151694259,True,A. thaliana,OMalley2016,MYB23,Myb/SANT,R2R3-MYB
973,M06811_2.00,40,499,1909,27655,0.04154628111970024,0.21568342374945168,0.29795971452286585,0.06778482268943552,True,A. thaliana,OMalley2016,SAP11,C2H2 ZF,.
974,M07228_2.00,49,499,2411,27655,0.04164835500667512,0.17165062477870927,0.2369468910356838,0.06778482268943552,True,A. thaliana,OMalley2016,NAC079,NAC/NAM,.
975,M06997_2.00,28,499,1255,27655,0.04163358899458922,0.30623998948549663,0.422781500690372,0.06778482268943552,True,A. thaliana,OMalley2016,LHY,Myb/SANT,MYB-related
976,M01947_2.00,18,499,729,27655,0.0416363208222478,0.4525067133814024,0.6246980313232172,0.06778482268943552,True,A. thaliana,Zoo_01,DOF5.3,Dof,.
977,M07167_2.00,47,499,2300,27655,0.04175713353694407,0.17952742211192685,0.2476166657033714,0.06789258714722303,True,A. thaliana,OMalley2016,NAC010,NAC/NAM,.
978,M07091_2.00,37,499,1747,27655,0.04201938361842781,0.23114618897821726,0.3181843609921291,0.06824940618268062,True,A. thaliana,OMalley2016,ATMYB121,Myb/SANT,R2R3-MYB
979,M07164_2.00,50,499,2472,27655,0.04215316143826848,0.16474987813637706,0.22655906491350356,0.06834256657654171,True,A. thaliana,OMalley2016,NAC007,NAC/NAM,.
980,M06929_2.00,36,499,1693,27655,0.04216243605725207,0.23691545981269777,0.3257763611142096,0.06834256657654171,True,A. thaliana,OMalley2016,HAT2,Homeodomain,HD-ZIP
981,M01610_2.00,65,499,3326,27655,0.042328130709568444,0.11515207600721242,0.15814651145696115,0.0685414908444281,True,A. thaliana,Zoo_01,ERF018,AP2,DREB
982,M01159_2.00,27,499,1206,27655,0.04253838412041225,0.3112300265294107,0.42676452929531167,0.06874237352792051,True,C. sativa,TF_Evolution,PK20942.1,bZIP,.
983,M01080_2.00,39,499,1861,27655,0.0425227251650907,0.21589659506912384,0.2960760373291368,0.06874237352792051,True,A. thaliana,Stam_Arabidopsis,AT4G09450,Myb/SANT,MYB-related
984,M06663_2.00,37,499,1751,27655,0.042591591767281084,0.22784671346141913,0.312304051171586,0.06875869318705803,True,A. thaliana,OMalley2016,ERF086,AP2,ERF
985,M00883_2.00,23,499,994,27655,0.04279199132682961,0.3588166307607536,0.49108989760833727,0.0688036554095698,True,A. thaliana,Franco_Zorrilla2014,MYB59,Myb/SANT,R2R3-MYB
986,M07131_2.00,30,499,1369,27655,0.04274660028960694,0.2803405806166461,0.38381384591318757,0.0688036554095698,True,A. thaliana,OMalley2016,MYB56,Myb/SANT,R2R3-MYB
987,M00885_2.00,27,499,1825,27655,0.042773973837023666,-0.28643653022524646,-0.3920801660328684,0.0688036554095698,True,A. thaliana,Franco_Zorrilla2014,NAC055,NAC/NAM,.
988,M07051_2.00,48,499,2365,27655,0.04272914295749019,0.16969474876042573,0.2323589159166421,0.0688036554095698,True,A. thaliana,OMalley2016,MYB101,Myb/SANT,R2R3-MYB
989,M02049_2.00,37,499,1753,27655,0.04287725859921401,0.22619980113543875,0.30938997821959513,0.06887132675301748,True,A. thaliana,Zoo_01,WOX13,Homeodomain,HD-WOX
990,M06599_2.00,31,499,1425,27655,0.043036684812370544,0.269806822713436,0.3685996101182687,0.06905785943232497,True,A. thaliana,OMalley2016,ERF037,AP2,DREB
991,M06738_2.00,30,499,1371,27655,0.04310109147786532,0.2782344560953195,0.37993241398063266,0.06909169940421626,True,A. thaliana,OMalley2016,LRL2,bHLH,.
992,M06614_2.00,39,499,1868,27655,0.04346670096944108,0.21048019541861313,0.28664104824728903,0.06947890910659833,True,A. thaliana,OMalley2016,ERF034,AP2,DREB
993,M07075_2.00,26,499,1157,27655,0.0434755489233346,0.3166232852996292,0.43116331840443795,0.06947890910659833,True,A. thaliana,OMalley2016,AT3G11280,Myb/SANT,MYB-related
994,M07066_2.00,51,499,2542,27655,0.04351688413635845,0.15303374323256377,0.20833129394559224,0.06947890910659833,True,A. thaliana,OMalley2016,MYB83,Myb/SANT,R2R3-MYB
995,M06624_2.00,35,499,1647,27655,0.0435064200782914,0.23601489348463878,0.32132168634861924,0.06947890910659833,True,A. thaliana,OMalley2016,ERF095,AP2,ERF
996,M01614_2.00,63,499,3235,27655,0.044082816819820035,0.1100866428860735,0.1492478372993034,0.07031209282761296,True,A. thaliana,Zoo_01,ERF024,AP2,DREB
997,M02471_2.00,20,499,842,27655,0.04424550123486329,0.3966083880869932,0.5370596658261465,0.07036193963756214,True,A. thaliana,Zoo_01,SPL11,SBP,.
998,M06956_2.00,29,499,1324,27655,0.04442485615485452,0.2796503045863816,0.3781917925527921,0.07036193963756214,True,A. thaliana,OMalley2016,LBD13,LOB,.
999,M06992_2.00,29,499,1323,27655,0.04424147039908847,0.28074036511492256,0.3801703058181101,0.07036193963756214,True,A. thaliana,OMalley2016,AGL15,MADS box,.
1000,M02383_2.00,16,499,636,27655,0.04447930061622617,0.4794737609816715,0.6481727920305964,0.07036193963756214,True,Malus domestica,Zoo_01,MDP0000762302,NAC/NAM,.
1001,M06603_2.00,19,499,790,27655,0.04429984688809356,0.41457538664514726,0.561168320853923,0.07036193963756214,True,A. thaliana,OMalley2016,ERF008,AP2,DREB
1002,M01072_2.00,18,499,738,27655,0.044264536555931246,0.4348047116479433,0.5887012646085676,0.07036193963756214,True,A. thaliana,Stam_Arabidopsis,MYB57,Myb/SANT,R2R3-MYB
1003,M02262_2.00,20,499,843,27655,0.04451109535692802,0.39489599021130695,0.5337144561586854,0.07036193963756214,True,P. patens,Zoo_01,gw1.238.28.1,LOB,.
1004,M06781_2.00,52,499,2609,27655,0.04449817837326405,0.14351520558966718,0.1939834423774777,0.07036193963756214,True,A. thaliana,OMalley2016,BZIP11,bZIP,.
1005,M06666_2.00,25,499,1108,27655,0.0444466867603682,0.32247073999156356,0.43603223171758465,0.07036193963756214,True,A. thaliana,OMalley2016,RAP2-11,AP2,ERF
1006,M07195_2.00,50,499,2499,27655,0.04487581221347044,0.14907771995404817,0.2009549295604822,0.07079814093025258,True,A. thaliana,OMalley2016,NAC045,NAC/NAM,.
1007,M07297_2.00,28,499,1272,27655,0.044862480552163686,0.2868286830392757,0.3866785424987858,0.07079814093025258,True,A. thaliana,OMalley2016,TCX3,TCR/CxC,.
1008,M07100_2.00,32,499,1491,27655,0.04493988492511431,0.2502921739825845,0.33723567688428635,0.07082916645806059,True,A. thaliana,OMalley2016,RVE5,Myb/SANT,MYB-related
1009,M06812_2.00,32,499,2086,27655,0.04498430150963112,-0.2341667262537388,-0.31540830045072876,0.070829181547741,True,A. thaliana,OMalley2016,AT2G48100,C2H2 ZF,.
1010,M07189_2.00,42,499,2049,27655,0.04517437893926133,0.18396987003354084,0.247459308883592,0.07105831795672764,True,A. thaliana,OMalley2016,ANAC038,NAC/NAM,.
1011,M06646_2.00,34,499,1604,27655,0.04537200611738633,0.23236113106144615,0.3121102637659568,0.07129886675589281,True,A. thaliana,OMalley2016,CRF4,AP2,ERF
1012,M01626_2.00,44,499,2164,27655,0.045441419970537175,0.172303551076509,0.2313258061700239,0.07133766225689646,True,A. thaliana,Zoo_01,CRF4,AP2,ERF
1013,M07048_2.00,41,499,1996,27655,0.04557273754791936,0.18701271554685017,0.2508391983489202,0.0714734674424104,True,A. thaliana,OMalley2016,AtMYB70,Myb/SANT,R2R3-MYB
1014,M02648_2.00,35,499,1662,27655,0.04576109907826876,0.22293506644064898,0.298622313656205,0.07148388833863605,True,Zea mays,JASPAR,ABI4,AP2,ERF
1015,M01097_2.00,67,499,3494,27655,0.045820689062817915,0.08778201380703973,0.11753470771721096,0.07148388833863605,True,C. sativa,TF_Evolution,PK07402.1,AP2,DREB
1016,M07114_2.00,43,499,2111,27655,0.045848287003401045,0.1749106076209689,0.23414878752502055,0.07148388833863605,True,A. thaliana,OMalley2016,MYB73,Myb/SANT,R2R3-MYB
1017,M02720_2.00,56,499,2852,27655,0.04570526862060084,0.121953371879743,0.16342163232603113,0.07148388833863605,True,Pisum sativum,JASPAR,HMG-1,HMGBox,.
1018,M06568_2.00,46,499,2279,27655,0.04563591024933543,0.16173346305774278,0.21683496750169454,0.07148388833863605,True,A. thaliana,OMalley2016,ERF017,AP2,DREB
1019,M01625_2.00,41,499,1998,27655,0.04582207771860358,0.18556785309169246,0.24846147897263815,0.07148388833863605,True,A. thaliana,Zoo_01,DREB1A,AP2,DREB
1020,M07060_2.00,24,499,1061,27655,0.04589822329290039,0.3261102760724184,0.4364021168252003,0.07149186147673449,True,A. thaliana,OMalley2016,MYB57,Myb/SANT,R2R3-MYB
1021,M07183_2.00,47,499,2339,27655,0.04597226613330851,0.1552694215912369,0.20767348609368091,0.07153733120256299,True,A. thaliana,OMalley2016,NAC031,NAC/NAM,.
1022,M06970_2.00,38,499,1833,27655,0.0462750172294475,0.20029315916972684,0.26732194806088144,0.07193825777872198,True,A. thaliana,OMalley2016,AT1G76880,Trihelix,MADF
1023,M02041_2.00,22,499,956,27655,0.04636356500294774,0.3509215269225758,0.46806726609515203,0.07200573143106295,True,A. thaliana,Zoo_01,ATHB-22,Homeodomain,HD-ZIP
1024,M06728_2.00,40,499,1947,27655,0.046489580506379614,0.18724764243309464,0.24953451697253357,0.07206110875381486,True,A. thaliana,OMalley2016,BIM2,bHLH,.
1025,M07239_2.00,44,499,2173,27655,0.04646747226601156,0.16631587572204157,0.22167427322172292,0.07206110875381486,True,A. thaliana,OMalley2016,NAC098,NAC/NAM,.
1026,M06887_2.00,50,499,2517,27655,0.04661941062801953,0.13872340487977217,0.18470094981755147,0.07212217260105834,True,A. thaliana,OMalley2016,GATA1,GATA,.
1027,M07182_2.00,44,499,2174,27655,0.046580512973694824,0.1656521098760154,0.22061477310410144,0.07212217260105834,True,A. thaliana,OMalley2016,NAC031,NAC/NAM,.
1028,M07071_2.00,28,499,1283,27655,0.04695059131966279,0.27440618323394866,0.36450990494418434,0.0725641406539362,True,A. thaliana,OMalley2016,RVE7L,Myb/SANT,MYB-related
1029,M07266_2.00,40,499,1952,27655,0.0471235777909739,0.18354747359050289,0.2435237661264435,0.07275683991352325,True,A. thaliana,OMalley2016,CRC,YABBY,.
1030,M07070_2.00,30,499,1394,27655,0.047166503116352995,0.25423246600612237,0.3372053805586378,0.07275683991352325,True,A. thaliana,OMalley2016,RVE8,Myb/SANT,MYB-related
1031,M06683_2.00,30,499,1395,27655,0.047342261056451965,0.2531979051579954,0.3354241790936408,0.07288697527513599,True,A. thaliana,OMalley2016,ERF104,AP2,ERF
1032,M06772_2.00,51,499,2582,27655,0.04730949868415274,0.1305087729303318,0.17293086542441097,0.07288697527513599,True,A. thaliana,OMalley2016,BZIP28,bZIP,.
1033,M07320_2.00,29,499,1904,27655,0.04746917666545077,-0.2444800519143444,-0.323590936513949,0.0730118966069373,True,A. thaliana,OMalley2016,GT-2,Trihelix,.
1034,M06994_2.00,26,499,1739,27655,0.04753027508928849,-0.2712457828994678,-0.35886621922079015,0.0730354419724616,True,A. thaliana,OMalley2016,AGL80,MADS box,.
1035,M01970_2.00,24,499,1069,27655,0.04767870132910246,0.31527307926669274,0.41668873065658907,0.07319300155911301,True,Oryza sativa,Zoo_01,OS09G0490200,EIN3,.
1036,M00842_2.00,61,499,3171,27655,0.047730287847469896,0.09237189172507405,0.12204229263867983,0.07320173953530239,True,A. thaliana,Franco_Zorrilla2014,ERF018,AP2,DREB
1037,M07073_2.00,5,499,524,27655,0.04785208476594042,-0.9191381903840609,-1.2133535315606911,0.07324767293826771,True,A. thaliana,OMalley2016,AT3G10580,Myb/SANT,MYB-related
1038,M07177_2.00,35,499,1676,27655,0.04783811954463036,0.21083329951164173,0.2783475826494712,0.07324767293826771,True,A. thaliana,OMalley2016,NAC018,NAC/NAM,.
1039,M06960_2.00,26,499,1179,27655,0.04798284760125672,0.2894484314273563,0.3817575832375154,0.07337741315820179,True,A. thaliana,OMalley2016,LBD19,LOB,.
1040,M07077_2.00,41,499,2016,27655,0.048032083430533945,0.17262879738419434,0.22760564450447393,0.07338234968553797,True,A. thaliana,OMalley2016,ATMYB65,Myb/SANT,R2R3-MYB
1041,M06657_2.00,27,499,1789,27655,0.048305255253882635,-0.25769345362241275,-0.33912603285801585,0.07348522949137884,True,A. thaliana,OMalley2016,ERF115,AP2,ERF
1042,M07119_2.00,49,499,2477,27655,0.048282989793383795,0.13268840713487215,0.17464525706549364,0.07348522949137884,True,A. thaliana,OMalley2016,AT5G05790,Myb/SANT,MYB
1043,M07314_2.00,26,499,1734,27655,0.04832978416078771,-0.2670917488147158,-0.35143535528262887,0.07348522949137884,True,A. thaliana,OMalley2016,DEP,Unknown,.
1044,M07304_2.00,25,499,1126,27655,0.048286675552095544,0.29922179396052223,0.3938275546421769,0.07348522949137884,True,A. thaliana,OMalley2016,JGL,Unknown,.
1045,M00977_2.00,21,499,910,27655,0.04819135560384157,0.3549514039587288,0.4674819517471083,0.07348522949137884,True,A. thaliana,Lindemose2014,NAC062,NAC/NAM,.
1046,M07240_2.00,41,499,2020,27655,0.04851390085840075,0.16976914324495382,0.22309936995370813,0.0735023623411222,True,A. thaliana,OMalley2016,NAC098,NAC/NAM,.
1047,M06572_2.00,45,499,2249,27655,0.04853667698577405,0.14914186681788508,0.195961967179351,0.0735023623411222,True,A. thaliana,OMalley2016,ERF019,AP2,DREB
1048,M00855_2.00,27,499,1236,27655,0.048448207428066804,0.27578119052512096,0.3625756775481486,0.0735023623411222,True,A. thaliana,Franco_Zorrilla2014,BZIP60,bZIP,.
1049,M07086_2.00,35,499,1681,27655,0.04857146702667261,0.20653572397482603,0.27130920557455673,0.0735023623411222,True,A. thaliana,OMalley2016,AT3G24120,Myb/SANT,G2-like
1050,M01999_2.00,16,499,648,27655,0.04847987068398175,0.45250671338140214,0.5947922669735759,0.0735023623411222,True,A. thaliana,Zoo_01,GATA6,GATA,.
1051,M06818_2.00,40,499,1965,27655,0.04874772288770456,0.1739712140074205,0.2282581774050684,0.07369916398662443,True,A. thaliana,OMalley2016,JKD,C2H2 ZF,.
1052,M00890_2.00,38,499,1853,27655,0.04894780354611364,0.18463706368234692,0.24192381305800872,0.07393157827277581,True,A. thaliana,Franco_Zorrilla2014,YAB1,YABBY,.
1053,M01048_2.00,63,499,3312,27655,0.04905180136016314,0.07614968226661817,0.0997062087064881,0.07394860412992459,True,A. thaliana,Stam_Arabidopsis,ERF008,AP2,DREB
1054,M00719_2.00,24,499,1075,27655,0.04901356983410651,0.3071982725103606,0.4023325594569652,0.07394860412992459,True,A. thaliana,Chang2013,RAP2-2,AP2,ERF
1055,M06732_2.00,29,499,1350,27655,0.04916829519669117,0.2515940194554061,0.329164191739645,0.07405423119803817,True,A. thaliana,OMalley2016,BHLH10,bHLH,.
1056,M06621_2.00,27,499,1240,27655,0.04923222095481599,0.27111981315525796,0.354557090727067,0.07408055888955802,True,A. thaliana,OMalley2016,ERF7,AP2,ERF
1057,M00862_2.00,22,499,968,27655,0.04928468056717747,0.33292509762872985,0.4352290029830739,0.07408959991013013,True,A. thaliana,Franco_Zorrilla2014,DOF5.7,Dof,.
1058,M07325_2.00,29,499,1891,27655,0.04936863271078162,-0.23459593655616226,-0.3065110629971253,0.07414592200913059,True,A. thaliana,OMalley2016,SDG37,Unknown,.
1059,M02699_2.00,6,499,166,27655,0.049534030544156116,1.0022797856402585,1.3080716722653931,0.07432434498394073,True,A. thaliana,JASPAR,MYB15,Myb/SANT,R2R3-MYB
1060,M06573_2.00,35,499,1688,27655,0.04958930353433334,0.20054054450380834,0.26162759907964916,0.07433734881321587,True,A. thaliana,OMalley2016,ERF087,AP2,ERF
1061,M06713_2.00,23,499,1025,27655,0.049985137283946206,0.3145104779302315,0.4092281737903867,0.07483335335509038,True,A. thaliana,OMalley2016,AT5G60130,B3,REM
1062,M02031_2.00,27,499,1244,27655,0.05001401547117639,0.26647344829889313,0.34665751419615565,0.07483335335509038,True,A. thaliana,Zoo_01,RGL2,GRAS,.
1063,M06981_2.00,31,499,1469,27655,0.0504952773544023,0.22593434609662247,0.29298019114258145,0.07508983745101268,True,A. thaliana,OMalley2016,AT5G47660,Trihelix,MADF
1064,M07026_2.00,35,499,1695,27655,0.05059564199853563,0.19457017518728711,0.25214093902334006,0.07508983745101268,True,A. thaliana,OMalley2016,MYB113,Myb/SANT,R2R3-MYB
1065,M01074_2.00,20,499,866,27655,0.05067291950260389,0.3560615964266645,0.46117955125634746,0.07508983745101268,True,A. thaliana,Stam_Arabidopsis,RVE8,Myb/SANT,MYB-related
1066,M02273_2.00,39,499,1923,27655,0.05061183682108173,0.16861588778837797,0.2184836826517481,0.07508983745101268,True,Oryza sativa,Zoo_01,OS04G0486400,Trihelix,MADF
1067,M01639_2.00,32,499,1528,27655,0.05096100069517341,0.21492788823027817,0.27785061794306365,0.07508983745101268,True,P. patens,Zoo_01,estExt_fgenesh1_pg.C_4800009,AP2,DREB
1068,M07328_2.00,27,499,1248,27655,0.0507931805841611,0.26184199956724724,0.33887449967391425,0.07508983745101268,True,A. thaliana,OMalley2016,AT2G28920,Unknown,.
1069,M07076_2.00,46,499,2330,27655,0.05086892209130094,0.12980443278139736,0.16790819496223627,0.07508983745101268,True,A. thaliana,OMalley2016,ATMYB65,Myb/SANT,R2R3-MYB
1070,M01287_2.00,43,499,2152,27655,0.05048270041639565,0.14715910841150073,0.190844381943405,0.07508983745101268,True,O. tauri,TF_Evolution,100010405,Myb/SANT,MYB
1071,M01055_2.00,38,499,1868,27655,0.050892410513961935,0.17300548999995052,0.22375612772500222,0.07508983745101268,True,A. thaliana,Stam_Arabidopsis,TGA6,bZIP,.
1072,M07146_2.00,29,499,1356,27655,0.05025039495255121,0.24519624825725522,0.3184757266296541,0.07508983745101268,True,A. thaliana,OMalley2016,AT5G58900,Myb/SANT,MYB-related
1073,M07166_2.00,39,499,1921,27655,0.05036369534251825,0.1701171314627482,0.22079203287899668,0.07508983745101268,True,A. thaliana,OMalley2016,AT1G19040,NAC/NAM,.
1074,M06637_2.00,24,499,1081,27655,0.05034608943602467,0.2991684092525331,0.3883308438318986,0.07508983745101268,True,A. thaliana,OMalley2016,ERF6,AP2,ERF
1075,M01784_2.00,55,499,2864,27655,0.051032842505892004,0.08990065252643006,0.11616514982726169,0.07508983745101268,True,A. thaliana,Zoo_01,TGA2,bZIP,.
1076,M06665_2.00,41,499,2036,27655,0.05040184939729364,0.15838687480841537,0.20551544814514663,0.07508983745101268,True,A. thaliana,OMalley2016,RAP2-11,AP2,ERF
1077,M01689_2.00,7,499,211,27655,0.05051676666227602,0.878612449616446,1.139177671321429,0.07508983745101268,True,V. vinifera,Zoo_01,VIT_08s0007g04020,AT hook,.
1078,M01844_2.00,52,499,2685,27655,0.05103089191933147,0.10209006153434405,0.13191739230936347,0.07508983745101268,True,O. tauri,Zoo_01,300010272,bZIP,.
1079,M00894_2.00,3,499,51,27655,0.050975036218265615,1.7048938750156875,2.2038182074890726,0.07508983745101268,True,A. thaliana,Franco_Zorrilla2014,AHL12,AT hook,.
1080,M02358_2.00,27,499,1248,27655,0.0507931805841611,0.26184199956724724,0.33887449967391425,0.07508983745101268,True,C. sativa,Zoo_01,PK29550.1,Myb/SANT,MYB-related
1081,M07139_2.00,27,499,1250,27655,0.05118164867261293,0.25953183888004616,0.3350259469406354,0.07523938215006232,True,A. thaliana,OMalley2016,RVE6,Myb/SANT,MYB-related
1082,M01124_2.00,22,499,976,27655,0.05123209745051838,0.3210509973404379,0.4143027841577,0.07524419469021806,True,C. sativa,TF_Evolution,PK09702.1,bHLH,.
1083,M06785_2.00,52,499,2689,27655,0.05133260394983235,0.09994239453424604,0.1288863820768581,0.07528537545633986,True,A. thaliana,OMalley2016,TGA2,bZIP,.
1084,M02349_2.00,19,499,815,27655,0.05135453824231835,0.36962798059117286,0.47660614372132587,0.07528537545633986,True,C. sativa,Zoo_01,PK06182.1,Myb/SANT,R2R3-MYB
1085,M07209_2.00,36,499,1759,27655,0.05158831108539274,0.1817419502363784,0.23398343574358865,0.07555863744830249,True,A. thaliana,OMalley2016,anac057,NAC/NAM,.
1086,M02684_2.00,17,499,711,27655,0.05200532326947873,0.4061138078969511,0.5214307169649911,0.0757472533885078,True,A. thaliana,JASPAR,ATHB-5,Homeodomain,HD-ZIP
1087,M02272_2.00,33,499,1591,27655,0.051972545711379735,0.20103271529343245,0.25817144186275554,0.0757472533885078,True,Oryza sativa,Zoo_01,OS02G0104500,Trihelix,MADF
1088,M07334_2.00,55,499,2877,27655,0.051880051990739626,0.08336692405139955,0.10712646383974678,0.0757472533885078,True,A. thaliana,OMalley2016,AtIDD11,C2H2 ZF,.
1089,M07238_2.00,45,499,2283,27655,0.051971968809637344,0.12749466837100024,0.16373258389220188,0.0757472533885078,True,A. thaliana,OMalley2016,anac096,NAC/NAM,.
1090,M06649_2.00,34,499,1647,27655,0.05185886154482278,0.19419471779001163,0.2495745890020693,0.0757472533885078,True,A. thaliana,OMalley2016,ERF015,AP2,DREB
1091,M07298_2.00,26,499,1199,27655,0.0520495233315389,0.2651804909928955,0.34038123471377674,0.0757472533885078,True,A. thaliana,OMalley2016,TCX3,TCR/CxC,.
1092,M02048_2.00,4,499,87,27655,0.051946642327516626,1.3494132204172984,1.7332437155593885,0.0757472533885078,True,A. thaliana,Zoo_01,ATML1,Homeodomain,HD-GL2
1093,M06758_2.00,56,499,2945,27655,0.05231198172297332,0.07565971960580808,0.09695027598287925,0.07585237349831131,True,A. thaliana,OMalley2016,TGA7,bZIP,.
1094,M01281_2.00,43,499,2169,27655,0.05227409535820226,0.13580713329585106,0.17406583264208247,0.07585237349831131,True,C. sativa,TF_Evolution,PK21166.1,Myb/SANT,R2R3-MYB
1095,M06752_2.00,47,499,2403,27655,0.05218526130296129,0.11632463481379803,0.14918077657066742,0.07585237349831131,True,A. thaliana,OMalley2016,BZIP68,bZIP,.
1096,M02347_2.00,21,499,926,27655,0.052280413806068786,0.3298057557845511,0.4226991693499292,0.07585237349831131,True,C. sativa,Zoo_01,PK02532.1,Myb/SANT,MYB-related
1097,M06791_2.00,31,499,1976,27655,0.05255824480417869,-0.20181420493177538,-0.2581928489891775,0.07606462743522162,True,A. thaliana,OMalley2016,AtbZIP3,bZIP,.
1098,M06790_2.00,32,499,1538,27655,0.052538801837212,0.20551692830420043,0.26296298632709875,0.07606462743522162,True,A. thaliana,OMalley2016,HY5,bZIP,.
1099,M01851_2.00,5,499,127,27655,0.05260143201319714,1.1256001243812233,1.4396452971283422,0.07606462743522162,True,A. thaliana,Zoo_01,ZFP5,C2H2 ZF,.
1100,M08407_2.00,30,499,1426,27655,0.052702542019339965,0.22148904543065742,0.28310030696891325,0.0760729000188663,True,A. thaliana,JASPAR,HY5,bZIP,.
1101,M02660_2.00,32,499,1539,27655,0.05269502467813477,0.2045791999378166,0.2614993500648511,0.0760729000188663,True,Antirrhinum majus,JASPAR,bZIP910,bZIP,.
1102,M06921_2.00,23,499,1037,27655,0.05276501099464929,0.2977184935098141,0.380381214291139,0.07609420663333237,True,A. thaliana,OMalley2016,PDF2,Homeodomain,HD-ZIP
1103,M06638_2.00,29,499,1371,27655,0.052921394383664486,0.22932485561437327,0.2927030727582396,0.07611327686379157,True,A. thaliana,OMalley2016,ERF091,AP2,ERF
1104,M09748_2.00,47,499,2411,27655,0.05287917572678835,0.1115296323411382,0.14239159059983758,0.07611327686379157,True,A. thaliana,Transfac,RAV1,AP2,B3
1105,M02649_2.00,47,499,2411,27655,0.05287917572678835,0.1115296323411382,0.14239159059983758,0.07611327686379157,True,A. thaliana,JASPAR,RAV1,AP2,B3
1106,M06814_2.00,40,499,2001,27655,0.05301734951840997,0.14777935924764815,0.18850468879881618,0.07618258782149902,True,A. thaliana,OMalley2016,AT3G49930,C2H2 ZF,.
1107,M07155_2.00,39,499,1945,27655,0.05326299349834658,0.15220449525472085,0.1938437531197714,0.07639790883980467,True,A. thaliana,OMalley2016,MYB44,Myb/SANT,R2R3-MYB
1108,M01081_2.00,39,499,1945,27655,0.05326299349834658,0.15220449525472085,0.1938437531197714,0.07639790883980467,True,A. thaliana,Stam_Arabidopsis,RVE6,Myb/SANT,MYB-related
1109,M02326_2.00,45,499,2298,27655,0.05337576587251186,0.11804672994958866,0.15023286502805502,0.07649087741837952,True,Oryza sativa,Zoo_01,OS01G0708000,Myb/SANT,MYB-related
1110,M06655_2.00,34,499,1658,27655,0.0534450015928038,0.18459126602061607,0.23481723994980852,0.07652134429131244,True,A. thaliana,OMalley2016,DREB2A,AP2,DREB
1111,M07321_2.00,24,499,1593,27655,0.05363602676568302,-0.2602113345381266,-0.33060979400753954,0.07665722463374948,True,A. thaliana,OMalley2016,GT-2,Trihelix,.
1112,M07128_2.00,29,499,1375,27655,0.05362364311625624,0.2251218080942149,0.2860496035818597,0.07665722463374948,True,A. thaliana,OMalley2016,RVE1,Myb/SANT,MYB-related
1113,M07319_2.00,40,499,2007,27655,0.053689977610296716,0.14345990979077222,0.18220940367393781,0.07666563499411215,True,A. thaliana,OMalley2016,AT1G76870,Trihelix,.
1114,M02662_2.00,46,499,2363,27655,0.05386382592744013,0.10951475834919286,0.13894168078389224,0.07677940907665605,True,Nicotiana sp.,JASPAR,TGA1A,bZIP,.
1115,M06593_2.00,35,499,2177,27655,0.053865930255033306,-0.16648595897721305,-0.21121837797485174,0.07677940907665605,True,A. thaliana,OMalley2016,ERF021,AP2,DREB
1116,M01642_2.00,31,499,1490,27655,0.05392363704841318,0.20545641130337852,0.26056409906147493,0.07679303668948127,True,P. patens,Zoo_01,gw1.8.141.1,AP2,DREB
1117,M07053_2.00,36,499,1777,27655,0.053981761588145244,0.16705375167966133,0.21178288603367845,0.07680723437385518,True,A. thaliana,OMalley2016,ASR3,Trihelix,.
1118,M10909_2.00,31,499,1491,27655,0.05408360721082436,0.20448848436945974,0.25907348502499117,0.07688355927028953,True,A. thaliana,Transfac,AGL3,MADS box,.
1119,M02520_2.00,35,499,1721,27655,0.05421145253808175,0.1726083511707901,0.21850645764576201,0.07699667568854887,True,A. thaliana,Zoo_01,AT2G20110,TCR/CxC,.
1120,M07035_2.00,20,499,1371,27655,0.05440659953049332,-0.3067280446258367,-0.387811117704779,0.07720509452948118,True,A. thaliana,OMalley2016,ATY13,Myb/SANT,R2R3-MYB
1121,M07120_2.00,31,499,1959,27655,0.05484861284177375,-0.18934865561468475,-0.2387372894186675,0.07755190064635419,True,A. thaliana,OMalley2016,MYB33,Myb/SANT,R2R3-MYB
1122,M06740_2.00,31,499,1496,27655,0.05487833678841861,0.19965856676526544,0.25168940146028457,0.07755190064635419,True,A. thaliana,OMalley2016,BIM1,bHLH,.
1123,M06748_2.00,19,499,827,27655,0.05476040287028281,0.3485407105383379,0.4396957355574632,0.07755190064635419,True,A. thaliana,OMalley2016,TGA9,bZIP,.
1124,M07138_2.00,28,499,1326,27655,0.05494272584976817,0.2268465782110435,0.2858470588959066,0.07755190064635419,True,A. thaliana,OMalley2016,RVE6,Myb/SANT,MYB-related
1125,M07037_2.00,28,499,1326,27655,0.05494272584976817,0.2268465782110435,0.2858470588959066,0.07755190064635419,True,A. thaliana,OMalley2016,AT1G74840,Myb/SANT,MYB-related
1126,M10076_2.00,5,499,129,27655,0.054921382664277645,1.1030575557301352,1.3901377022804937,0.07755190064635419,True,Antirrhinum majus,Transfac,O22676_ANTMA,bZIP,.
1127,M07050_2.00,44,499,2259,27655,0.055216371461905264,0.11031977951024008,0.13877479592380854,0.07786924180525101,True,A. thaliana,OMalley2016,AtMYB81,Myb/SANT,R2R3-MYB
1128,1.CBF1-MEME1,38,499,1906,27655,0.05551218529441651,0.14395182579967053,0.18074759323852752,0.07815621709284308,True,.,.,1.CBF1-MEME1,.,.
1129,M07015_2.00,17,499,722,27655,0.05551786455560578,0.3839645306291954,0.48209328865852297,0.07815621709284308,True,A. thaliana,OMalley2016,MYB116,Myb/SANT,R2R3-MYB
1130,M06778_2.00,39,499,1967,27655,0.055749347358831636,0.13597769284974515,0.1704834210699733,0.07841288274897396,True,A. thaliana,OMalley2016,DPBF3,bZIP,.
1131,M07064_2.00,30,499,1446,27655,0.05602445783017584,0.20139547492342763,0.2520710751065656,0.07873040549703124,True,A. thaliana,OMalley2016,MYR2,Myb/SANT,G2-like
1132,M02659_2.00,48,499,2521,27655,0.05654971956703479,0.07753881412864354,0.09673506301748142,0.0792164552497741,True,Triticum aestivum,JASPAR,EmBP-1,bZIP,.
1133,M07001_2.00,28,499,1335,27655,0.05655194682183338,0.21708761174871485,0.2708281796726753,0.0792164552497741,True,A. thaliana,OMalley2016,MYB60,Myb/SANT,R2R3-MYB
1134,M06681_2.00,31,499,1506,27655,0.056440318517606884,0.19004697198097417,0.23725664367546437,0.0792164552497741,True,A. thaliana,OMalley2016,ERF025,AP2,DREB
1135,M07196_2.00,45,499,2336,27655,0.05656899218150012,0.09438525371568467,0.11773820028647101,0.0792164552497741,True,A. thaliana,OMalley2016,anac046,NAC/NAM,.
1136,M06643_2.00,34,499,1681,27655,0.05662564628257338,0.164715548280199,0.20539811911173372,0.07922623317605662,True,A. thaliana,OMalley2016,DREB1B,AP2,DREB
1137,M07023_2.00,29,499,1395,27655,0.05705449619011671,0.2042883046770491,0.2540754329950102,0.07975628520879592,True,A. thaliana,OMalley2016,AT1G49010,Myb/SANT,MYB
1138,M06674_2.00,38,499,1922,27655,0.05729634471856735,0.1318916089358621,0.16379263906754235,0.0800242292698029,True,A. thaliana,OMalley2016,ERF5,AP2,ERF
1139,M07201_2.00,36,499,1805,27655,0.05747080525448367,0.14449859593380607,0.17925812588795506,0.08012756501827051,True,A. thaliana,OMalley2016,ANAC050,NAC/NAM,.
1140,M07036_2.00,21,499,1410,27655,0.05744981948961861,-0.27680530824136845,-0.3434354825682177,0.08012756501827051,True,A. thaliana,OMalley2016,ATY13,Myb/SANT,R2R3-MYB
1141,M06562_2.00,33,499,1630,27655,0.057617356316755165,0.1660945865060406,0.20586538256995757,0.08026173216176812,True,A. thaliana,OMalley2016,ERF10,AP2,ERF
1142,M07268_2.00,49,499,2606,27655,0.057749117734248595,0.05944519181310063,0.07362017400387529,0.08037508096520639,True,A. thaliana,OMalley2016,HMGB13,HMGBox,.
1143,M07144_2.00,27,499,1285,27655,0.05780285878450776,0.21969157434825515,0.27198930343653294,0.08037973824000862,True,A. thaliana,OMalley2016,AT5G56840,Myb/SANT,MYB-related
1144,M06648_2.00,42,499,2171,27655,0.05804806417074345,0.10053012842964312,0.12427657714885296,0.08056058925545521,True,A. thaliana,OMalley2016,ERF054,AP2,DREB
1145,M06672_2.00,32,499,1575,27655,0.05808443739421536,0.17122060299138564,0.2116184285075743,0.08056058925545521,True,A. thaliana,OMalley2016,ERF2,AP2,ERF
1146,M02138_2.00,46,499,2419,27655,0.05802907253049333,0.07572361834311502,0.09362122649919709,0.08056058925545521,True,Zea mays,Zoo_01,GRMZM2G087741,Homeodomain,HD-KN
1147,M01238_2.00,17,499,731,27655,0.05838808161559728,0.36609196156392904,0.45163879120807193,0.08084113730631742,True,A. thaliana,TF_Evolution,KNAT4,Homeodomain,HD-KN
1148,M00965_2.00,37,499,1872,27655,0.05834085614757826,0.1314453623115723,0.16220715265994476,0.08084113730631742,True,A. lyrata,LehtiShiu2015,DDF2,AP2,DREB
1149,M02505_2.00,11,499,416,27655,0.05850319879801884,0.5513486167622322,0.6797138152050715,0.08093027067028624,True,A. thaliana,Zoo_01,TCP5,TCP,.
1150,M07157_2.00,29,499,1405,27655,0.05871051839257613,0.19398329628531089,0.23884854546082807,0.08099128061005426,True,A. thaliana,OMalley2016,TRB2,Myb/SANT,MYB-related
1151,M01262_2.00,43,499,2240,27655,0.058630617315174265,0.08933845402315868,0.11005385568087774,0.08099128061005426,True,C. sativa,TF_Evolution,PK04914.1,Trihelix,MADF
1152,M01641_2.00,38,499,1935,27655,0.05866403331787985,0.12216637867784001,0.15046354257737873,0.08099128061005426,True,P. patens,Zoo_01,fgenesh1_pg.scaffold_1000495,AP2,DREB
1153,M01646_2.00,36,499,1816,27655,0.05875041483751271,0.13573323041742455,0.16708612205972823,0.08099128061005426,True,A. thaliana,Zoo_01,RAV1,AP2,B3
1154,M07052_2.00,30,499,1877,27655,0.05881250448756372,-0.17496562295632886,-0.2153005050711217,0.08100686067155798,True,A. thaliana,OMalley2016,MYB101,Myb/SANT,R2R3-MYB
1155,M02037_2.00,34,499,1699,27655,0.05896279047601906,0.149349420332146,0.18361345874529753,0.08106678148406822,True,A. thaliana,Zoo_01,KNAT6,Homeodomain,HD-KN
1156,M02509_2.00,16,499,679,27655,0.05900848482946909,0.385088952021295,0.4733072612601599,0.08106678148406822,True,A. lyrata,Zoo_01,fgenesh2_kg.8__1074__AT5G51910.2,TCP,.
1157,M02507_2.00,16,499,679,27655,0.05900848482946909,0.385088952021295,0.4733072612601599,0.08106678148406822,True,A. lyrata,Zoo_01,AT-TCP20,TCP,.
1158,M07368_2.00,43,499,2248,27655,0.05921335797634112,0.08419515074719881,0.10335630921064988,0.08118244869810233,True,A. thaliana,OMalley2016,ERF122,AP2,ERF
1159,M07130_2.00,30,499,1466,27655,0.0591914876964339,0.1815779237407336,0.22293061527783964,0.08118244869810233,True,A. thaliana,OMalley2016,MYB56,Myb/SANT,R2R3-MYB
1160,M06567_2.00,27,499,1293,27655,0.059252898602893685,0.21073765861924115,0.2586363052303056,0.08118244869810233,True,A. thaliana,OMalley2016,ERF027,AP2,DREB
1161,M07233_2.00,34,499,1702,27655,0.05933768285516992,0.1468042358304038,0.18008026637164096,0.08118244869810233,True,A. thaliana,OMalley2016,ANAC087,NAC/NAM,.
1162,M06682_2.00,32,499,1584,27655,0.0593471693930955,0.1630000961864173,0.19993591638652694,0.08118244869810233,True,A. thaliana,OMalley2016,ERF104,AP2,ERF
1163,M06819_2.00,46,499,2446,27655,0.05956069759991366,0.059709983795653246,0.07314713193902911,0.08140472379765407,True,A. thaliana,OMalley2016,AT5G04390,C2H2 ZF,.
1164,M06845_2.00,25,499,1182,27655,0.05990142076827786,0.2291985858632194,0.28020968246868044,0.08166726375237478,True,A. thaliana,OMalley2016,GATA24,Dof,.
1165,M01788_2.00,49,499,2666,27655,0.059906394100488085,0.026605495292262048,0.03252593157483845,0.08166726375237478,True,A. thaliana,Zoo_01,TGA1,bZIP,.
1166,M06585_2.00,33,499,1647,27655,0.05988035299350258,0.15112599589812556,0.1847841200290088,0.08166726375237478,True,A. thaliana,OMalley2016,ERF3,AP2,ERF
1167,M06628_2.00,43,499,2259,27655,0.059965271418400926,0.07715291557504078,0.09428859326545011,0.08167771811473055,True,A. thaliana,OMalley2016,ERF011,AP2,DREB
1168,M06952_2.00,28,499,1356,27655,0.06017638401310435,0.19457017518728711,0.23748727998037678,0.08189533489838006,True,A. thaliana,OMalley2016,HSFB2A,HSF,.
1169,M07301_2.00,26,499,1241,27655,0.06024234985359076,0.21550903427676243,0.2629421624122374,0.08191521570032162,True,A. thaliana,OMalley2016,TCX2,TCR/CxC,.
1170,M06823_2.00,27,499,1299,27655,0.06032068375737174,0.20405850298161454,0.24885623018130046,0.08195186592249398,True,A. thaliana,OMalley2016,NUC,C2H2 ZF,.
1171,M06611_2.00,22,499,1448,27655,0.06039083314445447,-0.248057552179881,-0.30238934453668515,0.0819773437152382,True,A. thaliana,OMalley2016,DREB2C,AP2,DREB
1172,M06667_2.00,29,499,1813,27655,0.06047659516912557,-0.17382549835055866,-0.21179118914005213,0.08199032391579497,True,A. thaliana,OMalley2016,ERF003,AP2,DREB
1173,M06878_2.00,24,499,1128,27655,0.06050320454475905,0.23776786458838972,0.289653953749822,0.08199032391579497,True,A. thaliana,OMalley2016,EIN3,EIN3,.
1174,M06588_2.00,29,499,1417,27655,0.060635761480281394,0.18171366847558054,0.2211948087531067,0.08210020336252022,True,A. thaliana,OMalley2016,RAP2-12,AP2,ERF
1175,M06678_2.00,33,499,1654,27655,0.060770602950962926,0.14500731645320555,0.1763733349761722,0.08221298702865637,True,A. thaliana,OMalley2016,DREB1D,AP2,DREB
1176,M06813_2.00,47,499,2558,27655,0.061072042892257,0.02614501906202722,0.03174417235128397,0.08234142723005064,True,A. thaliana,OMalley2016,AT3G46070,C2H2 ZF,.
1177,M07094_2.00,26,499,1245,27655,0.06098423424578266,0.21086640745167595,0.2561568058103031,0.08234142723005064,True,A. thaliana,OMalley2016,MYB94,Myb/SANT,R2R3-MYB
1178,M06662_2.00,29,499,1809,27655,0.06101472905580854,-0.1706389812276418,-0.20725218763310577,0.08234142723005064,True,A. thaliana,OMalley2016,DREB2G,AP2,DREB
1179,M06816_2.00,38,499,1960,27655,0.061066319416274,0.10364629070704195,0.12584714531095503,0.08234142723005064,True,A. thaliana,OMalley2016,IDD2,C2H2 ZF,.
1180,M06983_2.00,42,499,2217,27655,0.061379917932745255,0.07028108417748015,0.08517882538965697,0.08268662930973707,True,A. thaliana,OMalley2016,AGL55,MADS box,.
1181,M06606_2.00,37,499,1904,27655,0.061592611246084006,0.10699231858703312,0.12951113989452184,0.0829031349683578,True,A. thaliana,OMalley2016,AT2G33710,AP2,ERF
1182,M02311_2.00,39,499,2296,27655,0.06178876165838888,-0.08714799154741244,-0.10536980942580693,0.08309702769403901,True,A. thaliana,Zoo_01,MYB24,Myb/SANT,R2R3-MYB
1183,M01310_2.00,14,499,580,27655,0.06196052733209642,0.41980254830869657,0.507073156864753,0.0832578273754792,True,C. sativa,TF_Evolution,PK20442.1,Storekeeper,.
1184,M11457_2.00,46,499,2574,27655,0.062032147672061215,-0.013877665897661928,-0.016755660416717267,0.08328390196711923,True,Nicotiana tabacum,Transfac,Q9SXJ0_TOBAC,Unknown,.
1185,M06775_2.00,16,499,689,27655,0.062396377742917994,0.36399654356173544,0.43855782173459285,0.08370245794781682,True,A. thaliana,OMalley2016,ATBZIP42,bZIP,.
1186,M07243_2.00,28,499,1370,27655,0.06247106299850729,0.17975146047574225,0.21647847734363782,0.08373222309463792,True,A. thaliana,OMalley2016,anac103,NAC/NAM,.
1187,M06806_2.00,45,499,2471,27655,0.0626716836745574,0.013330517266917426,0.016035660977377016,0.08393059232654833,True,A. thaliana,OMalley2016,SGR5,C2H2 ZF,.
1188,M06764_2.00,35,499,2091,27655,0.0629525158574474,-0.10833761337858573,-0.13011205540971768,0.08395423310420452,True,A. thaliana,OMalley2016,BZIP16,bZIP,.
1189,M06704_2.00,33,499,1672,27655,0.06293744011513931,0.12939170354359758,0.15541120093953148,0.08395423310420452,True,A. thaliana,OMalley2016,VRN1,B3,REM
1190,M06821_2.00,42,499,2246,27655,0.06292653998449411,0.05153192664418622,0.06189840578891057,0.08395423310420452,True,A. thaliana,OMalley2016,AT5G22990,C2H2 ZF,.
1191,M06966_2.00,21,499,1382,27655,0.06286723356428844,-0.2478677613434713,-0.29783186647588156,0.08395423310420452,True,A. thaliana,OMalley2016,LOB,LOB,.
1192,M07214_2.00,25,499,1197,27655,0.06280950571803992,0.2110054690972498,0.2536232194393122,0.08395423310420452,True,A. thaliana,OMalley2016,NAC68,NAC/NAM,.
1193,M07153_2.00,23,499,1486,27655,0.06301159157159558,-0.2212997282155563,-0.2656879282633796,0.08396281416599412,True,A. thaliana,OMalley2016,MYB96,Myb/SANT,R2R3-MYB
1194,M06597_2.00,41,499,2184,27655,0.06325287842653148,0.05715157996425813,0.06852015547195527,0.08418045100455107,True,A. thaliana,OMalley2016,DREB2D,AP2,DREB
1195,M02287_2.00,33,499,1675,27655,0.06328047696204184,0.12680545539198312,0.15200553601732314,0.08418045100455107,True,A. thaliana,Zoo_01,AT1G19000,Myb/SANT,MYB-related
1196,M06600_2.00,26,499,1258,27655,0.06333486523426544,0.19588022752782974,0.23473447104847608,0.08418259170721115,True,A. thaliana,OMalley2016,ERF037,AP2,DREB
1197,M06795_2.00,28,499,1377,27655,0.06357636301436366,0.17239879418866688,0.2063103818042532,0.08443322148868446,True,A. thaliana,OMalley2016,MGP,C2H2 ZF,.
1198,M07335_2.00,33,499,1680,27655,0.06384016707064666,0.12250531795835769,0.1463823376351252,0.08471303367527572,True,A. thaliana,OMalley2016,AtIDD11,C2H2 ZF,.
1199,M01053_2.00,39,499,2067,27655,0.06425231376291891,0.06443626170282768,0.07681519109979484,0.0849067443677346,True,A. thaliana,Stam_Arabidopsis,TGA9,bZIP,.
1200,M06967_2.00,18,499,805,27655,0.06421777886486701,0.30943674470636023,0.3689552686282103,0.0849067443677346,True,A. thaliana,OMalley2016,GT-1,Trihelix,MADF
1201,M02361_2.00,39,499,2066,27655,0.06419398751974739,0.06513439626321554,0.0776731353272369,0.0849067443677346,True,O. tauri,Zoo_01,1200010153,Myb/SANT,MYB
1202,M07178_2.00,32,499,1622,27655,0.0642067935614233,0.12879861204875395,0.15358191448335812,0.0849067443677346,True,A. thaliana,OMalley2016,ANAC020,NAC/NAM,.
1203,M01774_2.00,43,499,2384,27655,0.06409822354629789,-0.0005470494940367158,-0.0006527142956142697,0.0849067443677346,True,A. thaliana,Zoo_01,TGA7,bZIP,.
1204,M06670_2.00,26,499,1632,27655,0.06437203703739575,-0.1796289075643765,-0.21399241111379252,0.08499453565781971,True,A. thaliana,OMalley2016,ERF9,AP2,ERF
1205,M07227_2.00,34,499,1754,27655,0.06505967091800456,0.10338652507163336,0.12268756290860061,0.08512741678735783,True,A. thaliana,OMalley2016,NAC078,NAC/NAM,.
1206,M06989_2.00,20,499,921,27655,0.06516061942189579,0.26722746506205386,0.31693572743629506,0.08512741678735783,True,A. thaliana,OMalley2016,AGL13,MADS box,.
1207,M07184_2.00,36,499,1879,27655,0.06486525843570184,0.08653236628828387,0.10279939954510829,0.08512741678735783,True,A. thaliana,OMalley2016,SMB,NAC/NAM,.
1208,M00856_2.00,33,499,1694,27655,0.06532438585956628,0.11053267629228171,0.1309728943781023,0.08512741678735783,True,A. thaliana,Franco_Zorrilla2014,TGA2,bZIP,.
1209,M06755_2.00,35,499,1815,27655,0.06485927994164922,0.09588590032788058,0.11391512261139407,0.08512741678735783,True,A. thaliana,OMalley2016,ABF2,bZIP,.
1210,M07225_2.00,25,499,1578,27655,0.06483742676977566,-0.1876685839727068,-0.22298297516486398,0.08512741678735783,True,A. thaliana,OMalley2016,ANAC076,NAC/NAM,.
1211,M07065_2.00,37,499,1949,27655,0.06521189917944553,0.07329170663708683,0.08690000879171944,0.08512741678735783,True,A. thaliana,OMalley2016,MYB108,Myb/SANT,R2R3-MYB
1212,M02380_2.00,38,499,2205,27655,0.06479023429334406,-0.0662787107352702,-0.07877161471825109,0.08512741678735783,True,P. patens,Zoo_01,e_gw1.279.28.1,NAC/NAM,.
1213,M01780_2.00,32,499,1630,27655,0.0651204615134215,0.12170046714758699,0.1443711380981998,0.08512741678735783,True,A. thaliana,Zoo_01,TGA6,bZIP,.
1214,M01054_2.00,40,499,2161,27655,0.06530773366373219,0.036801454293881944,0.043611025633019496,0.08512741678735783,True,A. thaliana,Stam_Arabidopsis,TGA3,bZIP,.
1215,M06968_2.00,38,499,2008,27655,0.0647311442999276,0.06874067575884071,0.0817248762291303,0.08512741678735783,True,A. thaliana,OMalley2016,AT-GTL1,Trihelix,MADF
1216,M06641_2.00,33,499,1691,27655,0.06501687436554485,0.11308989121449692,0.13423475066162033,0.08512741678735783,True,A. thaliana,OMalley2016,DREB1A,AP2,DREB
1217,M07150_2.00,28,499,1384,27655,0.06465128277140841,0.16508341068690643,0.19635398143631058,0.08512741678735783,True,A. thaliana,OMalley2016,AT5G61620,Myb/SANT,MYB-related
1218,M06720_2.00,36,499,1877,27655,0.06470645826776275,0.0880687828774652,0.1047183950737829,0.08512741678735783,True,A. thaliana,OMalley2016,BHLH74,bHLH,.
1219,M00870_2.00,30,499,1507,27655,0.06503940684249485,0.14178361027672157,0.16827211040396242,0.08512741678735783,True,A. thaliana,Franco_Zorrilla2014,LBD16,LOB,.
1220,M01201_2.00,36,499,1885,27655,0.06532661952835485,0.08193290955231287,0.09708310868082458,0.08512741678735783,True,O. tauri,TF_Evolution,CEG01538.1,C2H2 ZF,.
1221,M06647_2.00,39,499,2089,27655,0.06538415091897244,0.049162158061166965,0.058233928755753894,0.08512954243798078,True,A. thaliana,OMalley2016,ERF054,AP2,DREB
1222,M07237_2.00,38,499,2020,27655,0.06543499625640403,0.060144652070455655,0.0712226906093276,0.08512954243798078,True,A. thaliana,OMalley2016,anac096,NAC/NAM,.
1223,M07092_2.00,5,499,138,27655,0.06571127727676299,1.0057603543752203,1.1891709041606617,0.08541930501747104,True,A. thaliana,OMalley2016,TRP2,Myb/SANT,MYB-related
1224,M06886_2.00,26,499,1273,27655,0.06591812421911225,0.17877973050576113,0.21113799634688424,0.08555336600363736,True,A. thaliana,OMalley2016,GATA15,GATA,.
1225,M07089_2.00,33,499,1700,27655,0.06592168452568672,0.10543180459941637,0.1245119778757884,0.08555336600363736,True,A. thaliana,OMalley2016,MYB30,Myb/SANT,R2R3-MYB
1226,M07049_2.00,40,499,2188,27655,0.06598947146662595,0.018887788360832557,0.022297512966236586,0.08557171299940519,True,A. thaliana,OMalley2016,AtMYB81,Myb/SANT,R2R3-MYB
1227,M06883_2.00,25,499,1216,27655,0.06630018977834401,0.18828539259716615,0.22189155391139248,0.08563680920091118,True,A. thaliana,OMalley2016,GATA28,GATA,.
1228,M07197_2.00,32,499,1640,27655,0.0662035279344017,0.11287661676058099,0.1330949484349629,0.08563680920091118,True,A. thaliana,OMalley2016,anac046,NAC/NAM,.
1229,M06749_2.00,39,499,2109,27655,0.06615681271658398,0.0354155553345838,0.04177000644683237,0.08563680920091118,True,A. thaliana,OMalley2016,TGA9,bZIP,.
1230,M06996_2.00,32,499,1641,27655,0.06630812499255506,0.11199719275231405,0.1319812161306736,0.08563680920091118,True,A. thaliana,OMalley2016,AT5G23930,mTERF,.
1231,M01057_2.00,40,499,2210,27655,0.06621955520349465,0.004454156874595311,0.005251512158508487,0.08563680920091118,True,A. thaliana,Stam_Arabidopsis,ABF4,bZIP,.
1232,M01096_2.00,23,499,1099,27655,0.06637613210843192,0.2139430013738088,0.2520223008264353,0.08565528374834054,True,C. sativa,TF_Evolution,PK03025.1,AP2,ERF
1233,M00844_2.00,37,499,1970,27655,0.06647726404480266,0.05783016755123842,0.06808500973774084,0.0857164398960875,True,A. thaliana,Franco_Zorrilla2014,ERF008,AP2,DREB
1234,M02342_2.00,18,499,1206,27655,0.06658211777541623,-0.2737324741917454,-0.3220852341230248,0.08578229228739005,True,P. patens,Zoo_01,fgenesh1_pg.scaffold_70000111,Myb/SANT,MYB-related
1235,M02137_2.00,37,499,2125,27655,0.0668331423945551,-0.05143704401744952,-0.06043894431308211,0.08597032662969671,True,Zea mays,Zoo_01,GRMZM2G038252,Homeodomain,HD-WOX
1236,M07084_2.00,37,499,1977,27655,0.0668358652168175,0.052712926165769086,0.06193718354282394,0.08597032662969671,True,A. thaliana,OMalley2016,MYB15,Myb/SANT,R2R3-MYB
1237,M06782_2.00,27,499,1340,27655,0.0670608481098759,0.15922693308436084,0.18685773538658634,0.08619021171253188,True,A. thaliana,OMalley2016,BZIP11,bZIP,.
1238,M06570_2.00,31,499,1586,27655,0.06712086863478127,0.11537597094892382,0.1353524471286068,0.0861978949053753,True,A. thaliana,OMalley2016,ERF012,AP2,DREB
1239,M06766_2.00,37,499,1993,27655,0.06753436383008969,0.0410840870559187,0.0480879044717071,0.08653944136011525,True,A. thaliana,OMalley2016,ABI5,bZIP,.
1240,M06793_2.00,19,499,873,27655,0.0674464338585547,0.27044638608017246,0.316703808601611,0.08653944136011525,True,A. thaliana,OMalley2016,TGA1,bZIP,.
1241,M06566_2.00,36,499,1921,27655,0.06760385199667937,0.05463991404281237,0.06393025982083596,0.08653944136011525,True,A. thaliana,OMalley2016,ERF027,AP2,DREB
1242,M06686_2.00,37,499,1994,27655,0.06757237470454965,0.04036038749678095,0.04723096928890477,0.08653944136011525,True,A. thaliana,OMalley2016,AT5G65130,AP2,DREB
1243,M02312_2.00,35,499,1854,27655,0.06776902771851752,0.06521420458546287,0.07623336689913818,0.08668131452368519,True,A. thaliana,Zoo_01,KUA1,Myb/SANT,MYB-related
1244,M07311_2.00,27,499,1346,27655,0.0679520823811675,0.15278152381917856,0.17841784028671112,0.08684581041503378,True,A. thaliana,OMalley2016,WIP5,C2H2 ZF,.
1245,M07363_2.00,30,499,1532,27655,0.06807916857201148,0.11804672994958836,0.13775885248604036,0.08693856995384973,True,A. thaliana,OMalley2016,AT5G59990,Unknown,.
1246,M01280_2.00,34,499,1792,27655,0.06816984295941812,0.0724646354587622,0.08452330924564162,0.08698471961621752,True,C. sativa,TF_Evolution,PK19621.1,Myb/SANT,MYB-related
1247,M07242_2.00,34,499,1796,27655,0.06843884492117425,0.06924792277521928,0.08065287068736068,0.08711888080548517,True,A. thaliana,OMalley2016,NAC101,NAC/NAM,.
1248,M06581_2.00,32,499,1888,27655,0.06839129348762879,-0.0902863330958143,-0.10518350423473513,0.08711888080548517,True,A. thaliana,OMalley2016,ERF014,AP2,DREB
1249,M01275_2.00,16,499,707,27655,0.06838863563956592,0.3267903114566279,0.3807159612303785,0.08711888080548517,True,C. sativa,TF_Evolution,PK01261.1,Myb/SANT,MYB
1250,M02268_2.00,17,499,1145,27655,0.06849449247393515,-0.28131232546793977,-0.32754441617767305,0.0871201877957947,True,A. lyrata,Zoo_01,fgenesh2_kg.5__353__AT3G25990.1,Trihelix,MADF
1251,M06817_2.00,35,499,2012,27655,0.06857333781366072,-0.052774856594533494,-0.061421737705257086,0.08715097514963255,True,A. thaliana,OMalley2016,ZAT9,C2H2 ZF,.
1252,M00723_2.00,24,499,1170,27655,0.06868374457191427,0.18502640251641647,0.21521272655846066,0.08715240460795805,True,A. thaliana,Chang2013,EIL3,EIN3,.
1253,M01968_2.00,27,499,1351,27655,0.06867378703230716,0.14743225910381083,0.17149453107397197,0.08715240460795805,True,P. patens,Zoo_01,e_gw1.38.2.1,E2F,.
1254,M07117_2.00,21,499,994,27655,0.06884560224494525,0.227572097482501,0.26446694992863573,0.08721901158116574,True,A. thaliana,OMalley2016,RVE4,Myb/SANT,MYB-related
1255,M07226_2.00,36,499,1951,27655,0.06883107782991213,0.03228365509931286,0.03752056208515137,0.08721901158116574,True,A. thaliana,OMalley2016,NAC078,NAC/NAM,.
1256,M07218_2.00,33,499,1735,27655,0.06890998385368105,0.07603088815885711,0.08832644006577262,0.08723128908462006,True,A. thaliana,OMalley2016,BRN2,NAC/NAM,.
1257,M06737_2.00,33,499,1738,27655,0.06912498423384238,0.0735384688100804,0.0853314620326008,0.0872648716730915,True,A. thaliana,OMalley2016,BHLH104,bHLH,.
1258,M07041_2.00,22,499,1054,27655,0.06915535911898912,0.21012918326610963,0.24378644849271655,0.0872648716730915,True,A. thaliana,OMalley2016,PHL7,Myb/SANT,G2-like
1259,M07169_2.00,29,499,1478,27655,0.06908146819130884,0.12090715724744824,0.14032949448469748,0.0872648716730915,True,A. thaliana,OMalley2016,ANAC011,NAC/NAM,.
1260,M01622_2.00,34,499,1806,27655,0.06906076326454794,0.061237380035508174,0.07108242949014974,0.0872648716730915,True,A. thaliana,Zoo_01,CRF2,AP2,ERF
1261,M01285_2.00,30,499,1543,27655,0.06927161312095807,0.10772496530381047,0.12490113995792063,0.08734246871772974,True,C. sativa,TF_Evolution,PK27693.1,Myb/SANT,MYB-related
1262,M06765_2.00,36,499,2017,27655,0.069326514540221,-0.015713650904621883,-0.018213702723508574,0.08734264667587084,True,A. thaliana,OMalley2016,BZIP16,bZIP,.
1263,M07309_2.00,14,499,982,27655,0.06955942690801015,-0.339867575991062,-0.3934456617570316,0.08756691864110196,True,A. thaliana,OMalley2016,AT1G24250,Unknown,.
1264,M00877_2.00,18,499,824,27655,0.06962060767071553,0.27578119052512123,0.3191511446114345,0.08757481800851047,True,A. thaliana,Franco_Zorrilla2014,MYB46,Myb/SANT,R2R3-MYB
1265,M07273_2.00,16,499,711,27655,0.06969272589856633,0.3186509666466117,0.3686194368225837,0.08759645217353294,True,A. thaliana,OMalley2016,TCP24,TCP,.
1266,M07034_2.00,26,499,1299,27655,0.07001190046623455,0.14961071895923786,0.172774667298346,0.08771232598056576,True,A. thaliana,OMalley2016,AT1G72740,Myb/SANT,MYB-related
1267,M07175_2.00,30,499,1550,27655,0.06998146194900257,0.10119481171294571,0.11688172673941162,0.08771232598056576,True,A. thaliana,OMalley2016,NAC017,NAC/NAM,.
1268,M02348_2.00,1,499,223,27655,0.07005987667663999,-2.008543183654278,-2.318924630194046,0.08771232598056576,True,C. sativa,Zoo_01,PK06103.1,Myb/SANT,MYB-related
1269,M06777_2.00,31,499,1823,27655,0.07005633982391864,-0.08554581938623225,-0.09876714448334299,0.08771232598056576,True,A. thaliana,OMalley2016,DPBF3,bZIP,.
1270,M06693_2.00,29,499,1735,27655,0.06984409829053871,-0.110382236072024,-0.12758754668479785,0.08771232598056576,True,A. thaliana,OMalley2016,RAV1,AP2,B3
1271,M07249_2.00,14,499,980,27655,0.0701157352174359,-0.33692630067893947,-0.38887511647801876,0.08771340993867473,True,A. thaliana,OMalley2016,RKD2,RWP-RK,.
1272,M02696_2.00,28,499,1426,27655,0.07037255692212013,0.121953371879743,0.14056305020135326,0.08796569615265017,True,A. thaliana,JASPAR,SEP1,MADS box,.
1273,M01066_2.00,31,499,1626,27655,0.07086516491853649,0.07944148457787459,0.09132332481855308,0.08851208930702091,True,A. thaliana,Stam_Arabidopsis,LBD30,LOB,.
1274,M01249_2.00,19,499,1237,27655,0.07101965159369236,-0.2323455552667571,-0.26687709151433303,0.08856633642841229,True,C. sativa,TF_Evolution,PK19166.1,Homeodomain,HD-PHD
1275,M06583_2.00,34,499,1854,27655,0.07101173926405872,0.02339402889083561,0.026872015661800933,0.08856633642841229,True,A. thaliana,OMalley2016,RAP2-1,AP2,DREB
1276,M07229_2.00,32,499,1703,27655,0.07135996402323941,0.058493996587484394,0.06706602140387079,0.08885178970887343,True,A. thaliana,OMalley2016,NAC079,NAC/NAM,.
1277,M07310_2.00,28,499,1434,27655,0.07130470957057049,0.11388232962172636,0.13060956944154212,0.08885178970887343,True,A. thaliana,OMalley2016,WIP5,C2H2 ZF,.
1278,M06969_2.00,33,499,1785,27655,0.07159535365508396,0.03504247670801809,0.040127671368397726,0.08907534249598979,True,A. thaliana,OMalley2016,AT-GTL1,Trihelix,MADF
1279,M02353_2.00,31,499,1637,27655,0.0716732866722702,0.06971442017874878,0.07979810074334605,0.08908586285325566,True,C. sativa,Zoo_01,PK17526.1,Myb/SANT,MYB-related
1280,M01155_2.00,26,499,1311,27655,0.07171551592700957,0.1363444641853645,0.1560308150048085,0.08908586285325566,True,C. sativa,TF_Evolution,PK09021.1,bZIP,.
1281,2.MYB3-MEME,31,499,1799,27655,0.07178042381209472,-0.06642644459858005,-0.07599145285292899,0.0890971019301876,True,.,.,2.MYB3-MEME,.,.
1282,M07121_2.00,33,499,1799,27655,0.07199715697823235,0.023771364372998285,0.027163173241309378,0.08929662937813422,True,A. thaliana,OMalley2016,SRM1,Myb/SANT,MYB
1283,M01078_2.00,31,499,1644,27655,0.07213547352603367,0.06355844297121935,0.07257427884589092,0.08932925487113641,True,A. thaliana,Stam_Arabidopsis,AT3G16350,Myb/SANT,MYB-related
1284,M06788_2.00,33,499,1803,27655,0.07208348354847134,0.02056715419213878,0.02349106790423854,0.08932925487113641,True,A. thaliana,OMalley2016,TGA4,bZIP,.
1285,M02382_2.00,32,499,1721,27655,0.07226278582252246,0.04332533422582351,0.04943790199571159,0.089417489051143,True,P. patens,Zoo_01,e_gw1.327.11.1,NAC/NAM,.
1286,M01635_2.00,27,499,1380,27655,0.07245401317586815,0.11679166676396414,0.13313520696961548,0.0895846131903176,True,Oryza sativa,Zoo_01,DREB1G,AP2,DREB
1287,M07136_2.00,25,499,1256,27655,0.07275659762015267,0.1415921571491246,0.16114994460351487,0.08981948390413586,True,A. thaliana,OMalley2016,KUA1,Myb/SANT,MYB-related
1288,M07248_2.00,22,499,1072,27655,0.07273491841079137,0.1856991444455519,0.21137335922830253,0.08981948390413586,True,A. thaliana,OMalley2016,NLP4,RWP-RK,.
1289,M07234_2.00,32,499,1746,27655,0.07307546041566013,0.022518872636586845,0.025586583518938066,0.09014335604251965,True,A. thaliana,OMalley2016,NAC92,NAC/NAM,.
1290,M07011_2.00,30,499,1594,27655,0.07351387208986189,0.06081139788407368,0.06893766765363557,0.09033484282228792,True,A. thaliana,OMalley2016,AT1G18960,Myb/SANT,MYB-related
1291,M02047_2.00,31,499,1668,27655,0.0734060074834322,0.04264945320823877,0.048375926895671766,0.09033484282228792,True,A. thaliana,Zoo_01,HAT1,Homeodomain,HD-ZIP
1292,M06953_2.00,31,499,1668,27655,0.0734060074834322,0.04264945320823877,0.048375926895671766,0.09033484282228792,True,A. thaliana,OMalley2016,LBD2,LOB,.
1293,M07202_2.00,32,499,1770,27655,0.07337074078466925,0.002823071295667298,0.0032027097254978937,0.09033484282228792,True,A. thaliana,OMalley2016,NAC053,NAC/NAM,.
1294,M06937_2.00,22,499,1076,27655,0.07348925342335721,0.18032597234670011,0.2044492893034834,0.09033484282228792,True,A. thaliana,OMalley2016,HSFB3,HSF,.
1295,1.CBF2-MEME1,31,499,1744,27655,0.07417031131612778,-0.021631298124024353,-0.024438389477648804,0.0904483776646291,True,.,.,1.CBF2-MEME1,.,.
1296,M01627_2.00,25,499,1267,27655,0.0742825551274844,0.12901209689994236,0.14566925719203513,0.0904483776646291,True,A. thaliana,Zoo_01,ERF043,AP2,DREB
1297,M02270_2.00,28,499,1463,27655,0.07421127667107784,0.08499758418514422,0.09600732951740756,0.0904483776646291,True,Medicago truncatula,Zoo_01,MTR_3g085960,Trihelix,MADF
1298,M06922_2.00,20,499,959,27655,0.07416230320782795,0.2088978061352585,0.23601624898888532,0.0904483776646291,True,A. thaliana,OMalley2016,HAT1,Homeodomain,HD-ZIP
1299,M06942_2.00,17,499,1120,27655,0.07423876315148804,-0.24946345942860007,-0.2817363656290151,0.0904483776646291,True,A. thaliana,OMalley2016,HSFA6B,HSF,.
1300,M07103_2.00,31,499,1680,27655,0.07385623736022476,0.03230750898677958,0.036559591398627835,0.0904483776646291,True,A. thaliana,OMalley2016,MYB55,Myb/SANT,R2R3-MYB
1301,M06630_2.00,31,499,1683,27655,0.07394937306115167,0.02973356532295324,0.03363061003514515,0.0904483776646291,True,A. thaliana,OMalley2016,DREB2F,AP2,DREB
1302,M07275_2.00,14,499,612,27655,0.07428675532330038,0.34232379563097937,0.38651389865878644,0.0904483776646291,True,A. thaliana,OMalley2016,TCP3,TCP,.
1303,M02493_2.00,13,499,556,27655,0.07418207576198634,0.3738553616836116,0.4223447828335886,0.0904483776646291,True,A. thaliana,Zoo_01,GEBP,Storekeeper,.
1304,M02298_2.00,9,499,341,27655,0.07423466414923464,0.5486537886841671,0.6196458865988145,0.0904483776646291,True,A. thaliana,Zoo_01,MYB94,Myb/SANT,R2R3-MYB
1305,M06780_2.00,26,499,1331,27655,0.0742649943169189,0.11450157849522728,0.12929699704030106,0.0904483776646291,True,A. thaliana,OMalley2016,BZIP53,bZIP,.
1306,M07154_2.00,27,499,1395,27655,0.07411638534381222,0.10119481171294542,0.11435881665178582,0.0904483776646291,True,A. thaliana,OMalley2016,MYB96,Myb/SANT,R2R3-MYB
1307,M06980_2.00,30,499,1610,27655,0.07438104958864222,0.04640233887256613,0.05236678867534,0.09046835836110231,True,A. thaliana,OMalley2016,AT5G47660,Trihelix,MADF
1308,M07203_2.00,31,499,1726,27655,0.07443282738453597,-0.006663722526052705,-0.007518248207465181,0.09046835836110231,True,A. thaliana,OMalley2016,NAC053,NAC/NAM,.
1309,M01225_2.00,30,499,1612,27655,0.07447332572296385,0.04461128334657818,0.05032149422890462,0.09046835836110231,True,P. patens,TF_Evolution,estExt_gwp_gw1.C_220046,E2F,.
1310,M06767_2.00,29,499,1677,27655,0.07460341739349348,-0.06132926217074712,-0.06913287587686061,0.09049045687202635,True,A. thaliana,OMalley2016,ABI5,bZIP,.
1311,M02304_2.00,30,499,1615,27655,0.07460498481925683,0.041928862293258304,0.04726356174352999,0.09049045687202635,True,A. thaliana,Zoo_01,AT5G04760,Myb/SANT,MYB-related
1312,M06783_2.00,24,499,1207,27655,0.07473853267155746,0.1401092562321617,0.15782683287245,0.090514775710808,True,A. thaliana,OMalley2016,TGA10,bZIP,.
1313,M06930_2.00,29,499,1675,27655,0.0747240041340099,-0.05960766883889793,-0.0671504151593003,0.090514775710808,True,A. thaliana,OMalley2016,HAT2,Homeodomain,HD-ZIP
1314,M01292_2.00,24,499,1459,27655,0.07486445107034996,-0.1334449509307077,-0.15022223137452226,0.09052979488795163,True,C. sativa,TF_Evolution,PK26618.1,NAC/NAM,.
1315,M06824_2.00,29,499,1542,27655,0.07482893093059353,0.05975066147856502,0.06727508972986622,0.09052979488795163,True,A. thaliana,OMalley2016,IDD1,C2H2 ZF,.
1316,M06707_2.00,23,499,1147,27655,0.07514216984778908,0.15226899630721483,0.1711680558851083,0.09079678856607848,True,A. thaliana,OMalley2016,NGA4,B3,FUS
1317,M06661_2.00,30,499,1635,27655,0.07527481983633033,0.024172391489100612,0.027154062632965343,0.09088611088511636,True,A. thaliana,OMalley2016,LEP,AP2,ERF
1318,M06711_2.00,29,499,1664,27655,0.07533005554239738,-0.05010200674749288,-0.056266142429961204,0.09088611088511636,True,A. thaliana,OMalley2016,AT5G25475,B3,.
1319,M06692_2.00,27,499,1586,27655,0.07548785688588108,-0.08393283727448281,-0.09418295911629329,0.09095713550313811,True,A. thaliana,OMalley2016,RAV1,AP2,B3
1320,M06595_2.00,26,499,1342,27655,0.07550297643019113,0.10262747820693556,0.11515171770236639,0.09095713550313811,True,A. thaliana,OMalley2016,HRE1,AP2,ERF
1321,M01605_2.00,30,499,1660,27655,0.07560389012406636,0.0022797856402584863,0.002556678960629692,0.09100996584746102,True,A. thaliana,Zoo_01,TEM1,AP2,B3
1322,M06825_2.00,29,499,1558,27655,0.0756875013540912,0.04485819333192987,0.05028495058075306,0.09104190396664817,True,A. thaliana,OMalley2016,IDD1,C2H2 ZF,.
1323,1.HSF1b-HS,28,499,1619,27655,0.07592606931795706,-0.061175631978934865,-0.06849279321607003,0.09119132572450415,True,.,.,1.HSF1b-HS,.,.
1324,M06676_2.00,27,499,1414,27655,0.07591293942651932,0.08167781362009646,0.09145335674124908,0.09119132572450415,True,A. thaliana,OMalley2016,ERF105,AP2,ERF
1325,M07038_2.00,22,499,1090,27655,0.07600030419217083,0.16167591523903582,0.18094520575427983,0.09121180224718771,True,A. thaliana,OMalley2016,AT1G74840,Myb/SANT,MYB-related
1326,M07361_2.00,8,499,637,27655,0.07638563171085774,-0.5227928459902736,-0.5839535055723665,0.09126223414143678,True,A. thaliana,OMalley2016,ATMYB119,C2H2 ZF,.
1327,M06896_2.00,25,499,1282,27655,0.0761691284134183,0.11203235942201084,0.1252769385441044,0.09126223414143678,True,A. thaliana,OMalley2016,GATA12,GATA,.
1328,M06964_2.00,20,499,969,27655,0.07630295478899712,0.1939319557383083,0.2167109402701437,0.09126223414143678,True,A. thaliana,OMalley2016,LBD23,LOB,.
1329,M02019_2.00,13,499,906,27655,0.07620551626209207,-0.330570805639116,-0.3695826532938565,0.09126223414143678,True,O. tauri,Zoo_01,fgenesh1_pg.C_Chr_07.0001000042,GATA,.
1330,M01313_2.00,16,499,732,27655,0.07630458051465967,0.2766568779819845,0.30915005977418336,0.09126223414143678,True,C. sativa,TF_Evolution,PK10344.1,TCP,.
1331,M01706_2.00,19,499,909,27655,0.07636240502553514,0.21214774551550555,0.23699457475496952,0.09126223414143678,True,A. thaliana,Zoo_01,BHLH104,bHLH,.
1332,M07033_2.00,24,499,1220,27655,0.07654825391180854,0.12465378453693449,0.13912169004389222,0.09131971951333928,True,A. thaliana,OMalley2016,AT1G72740,Myb/SANT,MYB-related
1333,M06946_2.00,17,499,791,27655,0.07650855763250099,0.2522856730435745,0.2816239702881149,0.09131971951333928,True,A. thaliana,OMalley2016,HSFB2B,HSF,.
1334,M07014_2.00,21,499,1032,27655,0.07668036744889976,0.17344688362153318,0.19344805230818546,0.09140895820702177,True,A. thaliana,OMalley2016,MYB116,Myb/SANT,R2R3-MYB
1335,M06689_2.00,26,499,1357,27655,0.0769932346809138,0.08659142898826505,0.0964236635715117,0.09164493232541605,True,A. thaliana,OMalley2016,AIL7,AP2,ANT
1336,M02346_2.00,28,499,1600,27655,0.0769490320185825,-0.0441445514510935,-0.04916806186581333,0.09164493232541605,True,C. sativa,Zoo_01,PK00738.1,Myb/SANT,MYB-related
1337,M06802_2.00,22,499,1349,27655,0.07716957507106467,-0.14588629804494307,-0.16230636855625,0.09178633276536029,True,A. thaliana,OMalley2016,STOP1,C2H2 ZF,.
1338,M06601_2.00,26,499,1362,27655,0.07743780365513711,0.0812854463950479,0.09031194918951933,0.09203673385241705,True,A. thaliana,OMalley2016,ERF013,AP2,DREB
1339,M01075_2.00,28,499,1585,27655,0.07753243875347686,-0.030555486703138426,-0.03393237383747426,0.09208059554117319,True,A. thaliana,Stam_Arabidopsis,AT3G11280,Myb/SANT,MYB-related
1340,M06955_2.00,27,499,1438,27655,0.07766444621518513,0.057396257990197784,0.06369709005852887,0.09216874383424128,True,A. thaliana,OMalley2016,LBD6,LOB,.
1341,M06644_2.00,28,499,1539,27655,0.07800298734093497,0.011934121995420927,0.013221679672639479,0.09236593432282962,True,A. thaliana,OMalley2016,DREB1B,AP2,DREB
1342,M02355_2.00,27,499,1443,27655,0.07795457713395613,0.052388633938297395,0.058054903713041124,0.09236593432282962,True,C. sativa,Zoo_01,PK23829.1,Myb/SANT,MYB-related
1343,M06688_2.00,22,499,1343,27655,0.07801832235920565,-0.13945525452411792,-0.15448900408180982,0.09236593432282962,True,A. thaliana,OMalley2016,AIL7,AP2,ANT
1344,M06822_2.00,28,499,1557,27655,0.0780622441800466,-0.004841590755405865,-0.005362347258201981,0.09236593432282962,True,A. thaliana,OMalley2016,NUC,C2H2 ZF,.
1345,M07362_2.00,14,499,951,27655,0.07814554736130441,-0.2935898925369324,-0.32503212594449393,0.09239595851836956,True,A. thaliana,OMalley2016,AT5G59990,Unknown,.
1346,M09749_2.00,25,499,1303,27655,0.07841100512987965,0.08859153747261729,0.09794883957486855,0.09243573775473618,True,A. thaliana,Transfac,RAV1,AP2,B3
1347,M02650_2.00,25,499,1303,27655,0.07841100512987965,0.08859153747261729,0.09794883957486855,0.09243573775473618,True,A. thaliana,JASPAR,RAV1,AP2,B3
1348,M06776_2.00,17,499,798,27655,0.07841086017994266,0.23957462129402046,0.26487939882707795,0.09243573775473618,True,A. thaliana,OMalley2016,ATBZIP42,bZIP,.
1349,M06642_2.00,27,499,1451,27655,0.07836443729790558,0.044412414362750965,0.0491148443438799,0.09243573775473618,True,A. thaliana,OMalley2016,DREB1A,AP2,DREB
1350,M06872_2.00,16,499,740,27655,0.07869682963716113,0.26097525574971486,0.2881278424791774,0.09270416785175184,True,A. thaliana,OMalley2016,E2FA,E2F,.
1351,M06639_2.00,26,499,1382,27655,0.07894785475588781,0.06025453401886067,0.06644024438915815,0.09293123862408934,True,A. thaliana,OMalley2016,DREB1C,AP2,DREB
1352,M06846_2.00,23,499,1174,27655,0.07905760100413227,0.11870197921298764,0.1308162721357919,0.09295155964407835,True,A. thaliana,OMalley2016,GATA24,Dof,.
1353,M07162_2.00,24,499,1241,27655,0.0790816717473444,0.10003181685682648,0.1102274756123077,0.09295155964407835,True,A. thaliana,OMalley2016,NAC004,NAC/NAM,.
1354,M02043_2.00,26,499,1493,27655,0.07938338298588488,-0.05120201572742232,-0.05633606218340653,0.09316887112765737,True,A. thaliana,Zoo_01,ATHB-7,Homeodomain,HD-ZIP
1355,M07090_2.00,27,499,1485,27655,0.07935594951763474,0.010997002741367305,0.012101327337911062,0.09316887112765737,True,A. thaliana,OMalley2016,MYB30,Myb/SANT,R2R3-MYB
1356,M07108_2.00,21,499,1049,27655,0.0796791346143941,0.14987517646751972,0.16466117065998953,0.09344722037496955,True,A. thaliana,OMalley2016,MYB98,Myb/SANT,R2R3-MYB
1357,M07012_2.00,22,499,1114,27655,0.07979510512630095,0.1302548175632926,0.1430228830765313,0.09351446926998531,True,A. thaliana,OMalley2016,AT1G19000,Myb/SANT,MYB-related
1358,M07137_2.00,25,499,1320,27655,0.07986730330722697,0.06989069179493591,0.07671418846679787,0.09353035886565861,True,A. thaliana,OMalley2016,KUA1,Myb/SANT,MYB-related
1359,M06741_2.00,21,499,1283,27655,0.08003813488051824,-0.14063131604489523,-0.1542307918583253,0.09361233347143622,True,A. thaliana,OMalley2016,BIM3,bHLH,.
1360,M02714_2.00,14,499,944,27655,0.08005468517557304,-0.28293141103821007,-0.310266333068485,0.09361233347143622,True,A. thaliana,JASPAR,SPL8,SBP,.
1361,M07360_2.00,24,499,1260,27655,0.08093413054526959,0.07811119859990447,0.08528714119171059,0.09457138331113918,True,A. thaliana,OMalley2016,ATMYB119,C2H2 ZF,.
1362,M06645_2.00,23,499,1359,27655,0.08129130672430851,-0.09241106844435149,-0.10072398884057418,0.09491920514295174,True,A. thaliana,OMalley2016,CRF4,AP2,ERF
1363,M02301_2.00,21,499,1269,27655,0.08196369481188873,-0.1248022147963185,-0.1355824394656786,0.09563430374905817,True,A. thaliana,Zoo_01,MYB98,Myb/SANT,R2R3-MYB
1364,M01997_2.00,25,499,1368,27655,0.08217001472398908,0.01836039115485382,0.019926287137506958,0.09580495137775043,True,A. thaliana,Zoo_01,GATA15,GATA,.
1365,M08106_2.00,25,499,1373,27655,0.08225449299688058,0.013096995893651105,0.014208149873924537,0.09583339395911214,True,A. thaliana,JASPAR,E2FA,E2F,.
1366,M06796_2.00,25,499,1391,27655,0.08231852024437598,-0.0056937985014874695,-0.006174938396439668,0.09583798524801437,True,A. thaliana,OMalley2016,MGP,C2H2 ZF,.
1367,M07271_2.00,22,499,1137,27655,0.08276539060008212,0.10077179601107653,0.10905032310470074,0.09628796353547117,True,A. thaliana,OMalley2016,STKL2,Storekeeper,.
1368,M01284_2.00,18,499,878,27655,0.08304580488235867,0.18420458817298127,0.19906663826633314,0.0965437746263572,True,C. sativa,TF_Evolution,PK27213.1,Myb/SANT,MYB-related
1369,M07087_2.00,9,499,675,27655,0.0832550488531292,-0.4364619742298538,-0.47119972961655104,0.09671653526638098,True,A. thaliana,OMalley2016,MYB118,Myb/SANT,R2R3-MYB
1370,M07047_2.00,13,499,579,27655,0.08332270942057747,0.31537689641788236,0.34036629459888246,0.09672468815561941,True,A. thaliana,OMalley2016,AT2G20400,Myb/SANT,G2-like
1371,M01969_2.00,24,499,1304,27655,0.08353174420115331,0.028591062756105776,0.030825409997990445,0.09689682327333785,True,O. tauri,Zoo_01,estExt_gwp_GeneWisePlus.C_Chr_02.00010270,E2F,.
1372,M06926_2.00,23,499,1331,27655,0.08363440655642228,-0.06237618358885203,-0.06721751234842273,0.09694540585573658,True,A. thaliana,OMalley2016,HAT22,Homeodomain,HD-ZIP
1373,M07019_2.00,24,499,1319,27655,0.0838670374720957,0.012090367735638548,0.013014176989936923,0.0971444624313672,True,A. thaliana,OMalley2016,KAN2,Myb/SANT,G2-like
1374,M07324_2.00,23,499,1226,27655,0.084110150922019,0.05617540863225823,0.06039707978363366,0.09735536336764898,True,A. thaliana,OMalley2016,AGL95,MADS box,.
1375,M01609_2.00,20,499,1208,27655,0.08432035635658593,-0.1241199281716896,-0.13331318923066143,0.097457223470112,True,A. thaliana,Zoo_01,RAV2,AP2,B3
1376,M06756_2.00,20,499,1208,27655,0.08432035635658593,-0.1241199281716896,-0.13331318923066143,0.097457223470112,True,A. thaliana,OMalley2016,BZIP44,bZIP,.
1377,M06773_2.00,12,499,525,27655,0.0847495415781914,0.3411456044336983,0.3656612289693197,0.09781151868105302,True,A. thaliana,OMalley2016,TGA6,bZIP,.
1378,M01269_2.00,23,499,1237,27655,0.08472978539952393,0.04328888734667012,0.046404124227877035,0.09781151868105302,True,A. thaliana,TF_Evolution,AT1G49010,Myb/SANT,MYB-related
1379,1.AIL6-MEME,20,499,1019,27655,0.0851353466140548,0.12134647498757552,0.1298273912245887,0.09818573958743124,True,.,.,1.AIL6-MEME,.,.
1380,M01129_2.00,4,499,108,27655,0.08547465008867676,1.0374692141025583,1.1081858841374113,0.09850582867878571,True,C. sativa,TF_Evolution,PK20397.1,bHLH,.
1381,M07122_2.00,22,499,1178,27655,0.08629204750504989,0.04966451107286353,0.05284449128216185,0.09937604026754843,True,A. thaliana,OMalley2016,SRM1,Myb/SANT,MYB-related
1382,M06948_2.00,22,499,1180,27655,0.08640393312019437,0.04721719065412087,0.050213899914395906,0.09940142148758205,True,A. thaliana,OMalley2016,HSFA1B,HSF,.
1383,M07370_2.00,21,499,1101,27655,0.08648444168784566,0.0800753854804183,0.08512510055151802,0.09940142148758205,True,A. thaliana,OMalley2016,GRF9,WRC,.
1384,M07132_2.00,19,499,961,27655,0.08650104891834727,0.1318916089358621,0.14019796127594067,0.09940142148758205,True,A. thaliana,OMalley2016,PHL1,Myb/SANT,G2-like
1385,M07346_2.00,9,499,666,27655,0.08694717959319531,-0.4170966493629228,-0.44243297725900954,0.09984215367253169,True,A. thaliana,OMalley2016,AT4G27900,Unknown,.
1386,M02365_2.00,22,499,1195,27655,0.08706256385010047,0.02899343203521329,0.030737924734427536,0.09990272614453975,True,O. tauri,Zoo_01,estExt_fgenesh1_pg.C_Chr_03.00010215,Myb/SANT,MYB-related
1387,M07043_2.00,22,499,1217,27655,0.087454967977732,0.0026748821895959487,0.002830601833556057,0.1002088174744846,True,A. thaliana,OMalley2016,MYB88,Myb/SANT,R2R3-MYB
1388,M00845_2.00,22,499,1222,27655,0.08745017408258299,-0.0032402349154051027,-0.003428943998886522,0.1002088174744846,True,A. thaliana,Franco_Zorrilla2014,RAP2.7,AP2,DREB
1389,M06626_2.00,16,499,773,27655,0.087597207436459,0.19803211234117943,0.20942088738477405,0.10029974577254279,True,A. thaliana,OMalley2016,ERF1B,AP2,ERF
1390,2.ANT-MEME,17,499,837,27655,0.08774054676813932,0.1707357449660225,0.18043347783649777,0.10032394517290484,True,.,.,2.ANT-MEME,.,.
1391,M02275_2.00,10,499,418,27655,0.08778092499775624,0.4069256790725066,0.4299576102719277,0.10032394517290484,True,V. vinifera,Zoo_01,VIT_17s0000g10420,Trihelix,MADF
1392,M06975_2.00,18,499,1098,27655,0.08780703916073677,-0.1383806212968592,-0.14619506727304413,0.10032394517290484,True,A. thaliana,OMalley2016,GT-4,Trihelix,MADF
1393,M06903_2.00,20,499,1041,27655,0.08788635139516372,0.09053045785397215,0.09560727601048648,0.10034268466376961,True,A. thaliana,OMalley2016,ATHB-X,Homeodomain,HD-ZIP
1394,M02307_2.00,16,499,1007,27655,0.08816558409086653,-0.18349125174075762,-0.19352839036624567,0.10056031064336701,True,A. thaliana,Zoo_01,SRM1,Myb/SANT,MYB-related
1395,M07013_2.00,20,499,1044,27655,0.08820305616932317,0.08637881458350495,0.09108787370853094,0.10056031064336701,True,A. thaliana,OMalley2016,AT1G19000,Myb/SANT,MYB-related
1396,M07369_2.00,17,499,843,27655,0.08895725283581946,0.16043073657428422,0.16858360799929162,0.10127538777525484,True,A. thaliana,OMalley2016,AtGRF6,WRC,.
1397,M00881_2.00,7,499,257,27655,0.08895701740198492,0.5940870891297532,0.6242784683241709,0.10127538777525484,True,A. thaliana,Franco_Zorrilla2014,KAN4,Myb/SANT,G2-like
1398,M01085_2.00,21,499,1145,27655,0.08915444696195138,0.023542256060480958,0.024716002077012997,0.10135519807862613,True,A. thaliana,Stam_Arabidopsis,AT4G00390,Storekeeper,.
1399,M06625_2.00,20,499,1164,27655,0.08912739774203374,-0.07059053175489445,-0.07411926585193167,0.10135519807862613,True,A. thaliana,OMalley2016,ERF095,AP2,ERF
1400,M07055_2.00,20,499,1060,27655,0.08964917727009293,0.06443626170282768,0.06749400019984444,0.10184504112948592,True,A. thaliana,OMalley2016,AT2G38090,Myb/SANT,MYB
1401,M07042_2.00,17,499,848,27655,0.08992199368293265,0.15189910295316703,0.15890682722965693,0.10203709281659956,True,A. thaliana,OMalley2016,MYB88,Myb/SANT,R2R3-MYB
1402,M07340_2.00,20,499,1064,27655,0.0899461771160746,0.059002375652199804,0.06171750509916178,0.10203709281659956,True,A. thaliana,OMalley2016,AT3G51470,Unknown,.
1403,M06961_2.00,20,499,1066,27655,0.09008493753032062,0.05629308839421364,0.0588458571371823,0.10212187303543808,True,A. thaliana,OMalley2016,LBD19,LOB,.
1404,M06941_2.00,9,499,658,27655,0.09023610744126112,-0.39966205602690213,-0.4174948360173671,0.10217342599322,True,A. thaliana,OMalley2016,HSFA6B,HSF,.
1405,M06760_2.00,18,499,1081,27655,0.09025853117520187,-0.11586909002631086,-0.12102662463422803,0.10217342599322,True,A. thaliana,OMalley2016,AtbZIP48,bZIP,.
1406,M06871_2.00,16,499,785,27655,0.09037923064036757,0.1758078724870377,0.18353135141561966,0.10223749849034489,True,A. thaliana,OMalley2016,E2FA,E2F,.
1407,M06761_2.00,18,499,1079,27655,0.09052353865853234,-0.11319743177967752,-0.11809191637157854,0.10232816737091359,True,A. thaliana,OMalley2016,AtbZIP48,bZIP,.
1408,M02381_2.00,17,499,852,27655,0.09066083743372398,0.14510993729052818,0.15128875813444417,0.10233831260211589,True,P. patens,Zoo_01,e_gw1.288.15.1,NAC/NAM,.
1409,M01088_2.00,20,499,1141,27655,0.09065711499870696,-0.04179826513529231,-0.04357879205185974,0.10233831260211589,True,A. thaliana,Stam_Arabidopsis,AT2G42040,WRC,.
1410,M11070_2.00,13,499,600,27655,0.09093567965813393,0.26397774391123824,0.27487096578756803,0.10243608334093438,True,Petunia x hybrida,Transfac,myb.Ph3,Myb/SANT,R2R3-MYB
1411,M06787_2.00,10,499,424,27655,0.09094012163684205,0.3863643565901901,0.4022997494111996,0.10243608334093438,True,A. thaliana,OMalley2016,TGA5,bZIP,.
1412,M06757_2.00,19,499,1112,27655,0.09090081495099539,-0.07865684301389483,-0.08191577088908322,0.10243608334093438,True,A. thaliana,OMalley2016,BZIP44,bZIP,.
1413,M02038_2.00,11,499,482,27655,0.09117130040168565,0.3388989986733629,0.35250303167808095,0.10262401139074707,True,A. thaliana,Zoo_01,RLT1,Homeodomain,HD-other
1414,M06779_2.00,20,499,1100,27655,0.09144937764063557,0.010997002741367305,0.011423898093535088,0.10284743943168825,True,A. thaliana,OMalley2016,BZIP53,bZIP,.
1415,M02044_2.00,20,499,1109,27655,0.09149875645991576,-0.0007588390083204718,-0.0007881186659848941,0.10284743943168825,True,A. thaliana,Zoo_01,HAT3.1,Homeodomain,HD-PHD
1416,M06596_2.00,19,499,1003,27655,0.09163049381530787,0.07017833909743199,0.07284230694967941,0.102922984250293,True,A. thaliana,OMalley2016,HRE1,AP2,ERF
1417,M01958_2.00,18,499,1069,27655,0.09176950338520318,-0.09976442001215108,-0.10348579434666266,0.10294164511343679,True,A. thaliana,Zoo_01,E2FE,E2F,.
1418,M01286_2.00,8,499,314,27655,0.09177618768107028,0.4977359673743999,0.5162865801874017,0.10294164511343679,True,C. sativa,TF_Evolution,PK28187.1,Myb/SANT,R2R3-MYB
1419,M07156_2.00,17,499,859,27655,0.09188176146978098,0.13330523637790276,0.13820696156903706,0.10298763847104755,True,A. thaliana,OMalley2016,MYB44,Myb/SANT,R2R3-MYB
1420,M01671_2.00,6,499,209,27655,0.09228906935839651,0.6699600849063004,0.6933080152606885,0.10337153485017024,True,A. thaliana,Zoo_01,HMGA,AT hook,.
1421,M07079_2.00,18,499,934,27655,0.09246020176063957,0.09500297799867732,0.09823736988986238,0.10349054161980359,True,A. thaliana,OMalley2016,PHL12,Myb/SANT,G2-like
1422,M06906_2.00,19,499,1091,27655,0.0925369328352251,-0.05115115661399471,-0.052874178179764926,0.10350011416709891,True,A. thaliana,OMalley2016,WUS,Homeodomain,HD-WOX
1423,M07018_2.00,19,499,1090,27655,0.09259853474385589,-0.04982818995467593,-0.051492246477655206,0.10350011416709891,True,A. thaliana,OMalley2016,KAN2,Myb/SANT,G2-like
1424,M07272_2.00,6,499,210,27655,0.09329694997579016,0.6630736993210605,0.6830538032338667,0.10420772773906534,True,A. thaliana,OMalley2016,TCP24,TCP,.
1425,M01945_2.00,11,499,487,27655,0.09339437842733028,0.32401037282098194,0.33362676219377146,0.10424355044897957,True,A. thaliana,Zoo_01,DOF4.7,Dof,.
1426,M01951_2.00,9,499,372,27655,0.0934838648737972,0.42312290660030805,0.4355048965050948,0.10427046466692765,True,P. patens,Zoo_01,e_gw1.149.93.1,Dof,.
1427,M08078_2.00,19,499,1044,27655,0.09369602697873965,0.012378233139728308,0.012728275019130588,0.10443407619223602,True,Zea mays,JASPAR,O2,bZIP,.
1428,M06679_2.00,17,499,1012,27655,0.09426596118571286,-0.10317401717794392,-0.10581992514701413,0.10499595537095811,True,A. thaliana,OMalley2016,DREB1D,AP2,DREB
1429,M01278_2.00,17,499,1010,27655,0.09451252462771188,-0.10032002012279057,-0.10277892759574868,0.10519712266657394,True,C. sativa,TF_Evolution,PK07924.1,Myb/SANT,ARR-B
1430,M01647_2.00,17,499,877,27655,0.09458598411855532,0.10338652507163336,0.10588570958267805,0.10520547048054095,True,A. thaliana,Zoo_01,ARF14,B3,ARF
1431,M07009_2.00,18,499,957,27655,0.09469729326971718,0.059906603222313747,0.06132413928203848,0.1052558764914278,True,A. thaliana,OMalley2016,RVE7,Myb/SANT,MYB-related
1432,M07088_2.00,9,499,646,27655,0.0951547942065306,-0.3731086369855856,-0.3811563386847755,0.10569073590488601,True,A. thaliana,OMalley2016,MYB118,Myb/SANT,R2R3-MYB
1433,M02701_2.00,18,499,978,27655,0.09586455278810277,0.028591062756105776,0.029115478582236686,0.10640498378359355,True,A. thaliana,JASPAR,F3A4.140,Myb/SANT,R2R3-MYB
1434,M06951_2.00,11,499,494,27655,0.09640390899586482,0.3034211033186467,0.3082471239610853,0.10692923146620611,True,A. thaliana,OMalley2016,HSFA6A,HSF,.
1435,M02521_2.00,13,499,833,27655,0.09658312464630905,-0.20937625095842857,-0.21253757030567186,0.10705356762394924,True,A. thaliana,Zoo_01,TCX4,TCR/CxC,.
1436,M06988_2.00,13,499,618,27655,0.09672497754487416,0.2213334065027444,0.2245341891120617,0.10713634665560715,True,A. thaliana,OMalley2016,AGL16,MADS box,.
1437,M06774_2.00,12,499,556,27655,0.09687423967987918,0.2583781442636758,0.2619416163187374,0.10722721185940826,True,A. thaliana,OMalley2016,TGA6,bZIP,.
1438,M06792_2.00,13,499,619,27655,0.09702397069396737,0.21900083519285443,0.2218743354931432,0.10724409789111432,True,A. thaliana,OMalley2016,BZIP43,bZIP,.
1439,M06592_2.00,10,499,436,27655,0.09700491554098184,0.3461004863764628,0.3506711787360764,0.10724409789111432,True,A. thaliana,OMalley2016,ERF118,AP2,ERF
1440,M01648_2.00,12,499,783,27655,0.09777222787905554,-0.23554928030385736,-0.23785400957197317,0.10792159409487447,True,A. thaliana,Zoo_01,ARF14,B3,ARF
1441,M06923_2.00,12,499,783,27655,0.09777222787905554,-0.23554928030385736,-0.23785400957197317,0.10792159409487447,True,A. thaliana,OMalley2016,HAT1,Homeodomain,HD-ZIP
1442,M06697_2.00,12,499,559,27655,0.09792755404865107,0.2506147441439931,0.2528941084984041,0.10801829094578039,True,A. thaliana,OMalley2016,HMGB15,HMGBox,.
1443,M02656_2.00,14,499,688,27655,0.09810795365983661,0.17344688362153318,0.17488576128264824,0.10814249211295052,True,A. thaliana,JASPAR,ABF1,bZIP,.
1444,M02042_2.00,17,499,918,27655,0.09829564616076127,0.03746921410255827,0.03774894869175338,0.10827455499061756,True,A. thaliana,Zoo_01,ATHB-4,Homeodomain,HD-ZIP
1445,M02291_2.00,15,499,907,27655,0.09861328998744368,-0.12571142865397686,-0.12647381212496417,0.10854948069701358,True,A. thaliana,Zoo_01,AT1G74840,Myb/SANT,MYB-related
1446,M01107_2.00,15,499,760,27655,0.0987922496976855,0.12939170354359758,0.13007451969825873,0.10867147466745405,True,C. sativa,TF_Evolution,PK00377.1,AT hook,.
1447,M02501_2.00,11,499,500,27655,0.09888013643029449,0.28600405024123726,0.2874028797587929,0.10869318925314936,True,A. thaliana,Zoo_01,TCP4,TCP,.
1448,M02494_2.00,12,499,563,27655,0.09929446357025191,0.24032810490695358,0.2410671056790301,0.10900843114224547,True,Oryza sativa,Zoo_01,OS03G0370250,Storekeeper,.
1449,M06943_2.00,15,499,763,27655,0.09930360529760669,0.12370806504001497,0.12408351701413295,0.10900843114224547,True,A. thaliana,OMalley2016,HSFC1,HSF,.
1450,M07284_2.00,15,499,772,27655,0.10070780270255185,0.10679027460646498,0.10646316313795182,0.1104738275863619,True,A. thaliana,OMalley2016,TCP13,TCP,.
1451,M06640_2.00,10,499,446,27655,0.1017541014201284,0.3133849112330845,0.31101825237848896,0.11154487406536413,True,A. thaliana,OMalley2016,DREB1C,AP2,DREB
1452,M07204_2.00,13,499,638,27655,0.10220931613976436,0.1753838206422495,0.1737193435568151,0.11196693629321715,True,A. thaliana,OMalley2016,AT3G12910,NAC/NAM,.
1453,M02715_2.00,15,499,786,27655,0.10249828825250402,0.08086180961593883,0.07999524492621125,0.11220643085981052,True,A. thaliana,JASPAR,SPL3,SBP,.
1454,M06724_2.00,15,499,789,27655,0.10281884163647896,0.07536582186108698,0.07445595239330108,0.11248014568599721,True,A. thaliana,OMalley2016,BHLH122,bHLH,.
1455,M06939_2.00,15,499,790,27655,0.1029207165375305,0.0735384688100801,0.07261903195974638,0.11251442280833526,True,A. thaliana,OMalley2016,HSFA1E,HSF,.
1456,M06733_2.00,15,499,791,27655,0.10302010124751239,0.07171342740175378,0.07078674847454872,0.11254593252724812,True,A. thaliana,OMalley2016,AT2G42280,bHLH,.
1457,M07283_2.00,10,499,450,27655,0.10356602576180443,0.3005036199363523,0.2959307629045343,0.11306489465439977,True,A. thaliana,OMalley2016,TCP13,TCP,.
1458,M01252_2.00,4,499,119,27655,0.10374504187726855,0.8975389529580832,0.8832076340607772,0.11318286032437985,True,C. sativa,TF_Evolution,PK24181.1,Homeodomain,HD-ZIP
1459,M07371_2.00,12,499,759,27655,0.10407501309380163,-0.19063685842828315,-0.18732998108238336,0.11346523983910704,True,A. thaliana,OMalley2016,GRF9,WRC,.
1460,M06858_2.00,7,499,276,27655,0.1044530329846141,0.4911871815454622,0.4818934018519308,0.11379958170113352,True,A. thaliana,OMalley2016,DOF4.3,Dof,.
1461,M01755_2.00,14,499,727,27655,0.10530720907803151,0.09390008440403665,0.09179126664073044,0.1145736688127287,True,Oryza sativa,Zoo_01,OS08G0506700,bHLH,.
1462,M02005_2.00,8,499,334,27655,0.10523559912779909,0.40865242379197453,0.3995955917379065,0.1145736688127287,True,A. thaliana,Zoo_01,GATA27,GATA,.
1463,M02356_2.00,14,499,729,27655,0.1055664005634595,0.08993663399669408,0.08782081047441605,0.11477737484575182,True,C. sativa,Zoo_01,PK27213.1,Myb/SANT,MYB-related
1464,M02480_2.00,7,499,278,27655,0.10601365444627611,0.4807705656001237,0.46857735600788486,0.11518513545082452,True,P. patens,Zoo_01,fgenesh1_pg.scaffold_194000034,SBP,.
1465,M07274_2.00,13,499,658,27655,0.10657789746355191,0.13085266067187745,0.1272323406958287,0.11571936450263123,True,A. thaliana,OMalley2016,TCP3,TCP,.
1466,M02265_2.00,6,499,470,27655,0.10713452511470786,-0.4991977295778166,-0.4842570166419527,0.11608666274317869,True,A. thaliana,Zoo_01,GT-4,Trihelix,MADF
1467,M06820_2.00,12,499,589,27655,0.10704522070897181,0.17519539315672245,0.170015341572165,0.11608666274317869,True,A. thaliana,OMalley2016,STOP2,C2H2 ZF,.
1468,M01215_2.00,5,499,171,27655,0.10706303824001408,0.6964322962674916,0.6757903468930717,0.11608666274317869,True,C. sativa,TF_Evolution,PK05671.1,Dof,.
1469,M02698_2.00,11,499,524,27655,0.10769741511280972,0.21836533336587416,0.2113328167163078,0.1165382476966971,True,A. thaliana,JASPAR,CDC5,Myb/SANT,MYB3R
1470,M11037_2.00,11,499,524,27655,0.10769741511280972,0.21836533336587416,0.2113328167163078,0.1165382476966971,True,A. thaliana,Transfac,CDC5,Myb/SANT,MYB3R
1471,M07247_2.00,14,499,799,27655,0.10777257706289652,-0.04234005460434563,-0.0409636527684327,0.11654051553581013,True,A. thaliana,OMalley2016,AT2G01818,PLATZ,.
1472,M06947_2.00,14,499,761,27655,0.10821297105610246,0.027958994820085757,0.027000579460872243,0.11685828627927111,True,A. thaliana,OMalley2016,HSFA4A,HSF,.
1473,M06945_2.00,14,499,791,27655,0.10817459184450423,-0.027822246149160745,-0.026872804620039034,0.11685828627927111,True,A. thaliana,OMalley2016,HSFB2B,HSF,.
1474,M02018_2.00,8,499,340,27655,0.1089970116635501,0.3829657801283251,0.3686372720250751,0.11762532720119243,True,O. tauri,Zoo_01,300010106,GATA,.
1475,M00895_2.00,1,499,190,27655,0.10922507781501001,-1.777498892064921,-1.7093809346727575,0.11779175058481471,True,A. thaliana,Franco_Zorrilla2014,SRS1,Unknown,.
1476,M00897_2.00,3,499,76,27655,0.10933970584674717,1.1293917035435976,1.0855962636610343,0.11783569650375793,True,A. thaliana,Franco_Zorrilla2014,AHL25,AT hook,.
1477,M07250_2.00,13,499,762,27655,0.10994480430064683,-0.08085075308620296,-0.07752174672783729,0.11840780746761087,True,A. thaliana,OMalley2016,RKD2,RWP-RK,.
1478,M00896_2.00,2,499,36,27655,0.11045312629011214,1.6224317148237144,1.552378337554973,0.11887499084529612,True,A. thaliana,Franco_Zorrilla2014,AHL20,Unknown,.
1479,M07270_2.00,11,499,688,27655,0.11151564603351664,-0.17447641979877368,-0.16621743806860886,0.1198644377269648,True,A. thaliana,OMalley2016,AT1G66420,Storekeeper,.
1480,M06589_2.00,13,499,745,27655,0.11152277466258041,-0.048300180942404736,-0.04601251213252793,0.1198644377269648,True,A. thaliana,OMalley2016,DREB1E,AP2,DREB
1481,M06722_2.00,13,499,698,27655,0.11169454045156223,0.045713208197466666,0.0435175138665748,0.11996821011464091,True,A. thaliana,OMalley2016,BHLH80,bHLH,.
1482,M06870_2.00,3,499,305,27655,0.11214931516738554,-0.8753462154630655,-0.8317569274074829,0.12029465883791521,True,A. thaliana,OMalley2016,E2FC,E2F,.
1483,M00875_2.00,13,499,735,27655,0.11209255938316526,-0.028804005316607626,-0.027375995325729492,0.12029465883791521,True,A. thaliana,Franco_Zorrilla2014,CCA1,Myb/SANT,MYB-related
1484,M06725_2.00,13,499,720,27655,0.11241893894763334,0.0009433380774443964,0.0008953792582918446,0.12050282770260429,True,A. thaliana,OMalley2016,BHLH122,bHLH,.
1485,M06784_2.00,10,499,474,27655,0.11323205852074193,0.22554156225513045,0.21336921885306387,0.12129290351953216,True,A. thaliana,OMalley2016,TGA10,bZIP,.
1486,M06729_2.00,11,499,549,27655,0.11476389443717931,0.15112599589812556,0.1420878638029871,0.12285128297134296,True,A. thaliana,OMalley2016,AT2G18300,bHLH,.
1487,M06745_2.00,7,499,290,27655,0.11499629856893502,0.41980254830869657,0.3943273084958605,0.12301750249326047,True,A. thaliana,OMalley2016,AT1G06070,bZIP,.
1488,M01293_2.00,12,499,633,27655,0.11513735811253958,0.07125752755884206,0.06689540821648439,0.12308584865248033,True,C. sativa,TF_Evolution,PK27085.1,NAC/NAM,.
1489,M06723_2.00,11,499,556,27655,0.11631902239866078,0.1328472621798167,0.12412574064452835,0.12418262431450063,True,A. thaliana,OMalley2016,BHLH80,bHLH,.
1490,M07252_2.00,12,499,647,27655,0.11630822094977555,0.039697314994675555,0.03709275777040688,0.12418262431450063,True,A. thaliana,OMalley2016,S1FA3,S1FA,.
1491,M02279_2.00,12,499,656,27655,0.11670427680178494,0.019767212369099434,0.018441093905665885,0.12451058294237256,True,Manihot esculenta,Zoo_01,cassava13991.valid.m1,Trihelix,MADF
1492,M06622_2.00,10,499,615,27655,0.12020313766890287,-0.15015778907321278,-0.13815780859852886,0.1281577570734626,True,A. thaliana,OMalley2016,PLT1,AP2,ANT
1493,M09781_2.00,7,499,493,27655,0.12062753824875512,-0.34573219805428035,-0.31757353272506805,0.12852433099984265,True,A. thaliana,Transfac,PIF3,bHLH,.
1494,M06801_2.00,6,499,446,27655,0.12113465623896617,-0.42358068293312173,-0.38830979245579156,0.1289784891195935,True,A. thaliana,OMalley2016,STOP1,C2H2 ZF,.
1495,M06936_2.00,11,499,626,27655,0.12129743527078211,-0.03823051202929403,-0.03502482173167468,0.12906564993789024,True,A. thaliana,OMalley2016,HSFB4,HSF,.
1496,M07287_2.00,10,499,507,27655,0.12264430007440637,0.12844287415004862,0.11705675128176332,0.1304117724124521,True,A. thaliana,OMalley2016,TCP16,TCP,.
1497,M01858_2.00,2,499,39,27655,0.12302576990465075,1.5069544974037785,1.3713344824747375,0.13073024849961223,True,A. thaliana,Zoo_01,RBE,C2H2 ZF,.
1498,M01998_2.00,7,499,303,27655,0.1238545745032734,0.35653765485068023,0.32341100984612553,0.1315233331109994,True,A. thaliana,Zoo_01,GATA1,GATA,.
1499,M02266_2.00,6,499,440,27655,0.12457048849542837,-0.4040404965374764,-0.36548890487928537,0.13219556164351848,True,A. thaliana,Zoo_01,AT5G47660,Trihelix,MADF
1500,M02350_2.00,9,499,562,27655,0.12507453574019511,-0.1721446025125867,-0.1554175009288357,0.13260823629798266,True,C. sativa,Zoo_01,PK08316.1,Myb/SANT,MYB-related
1501,M02534_2.00,7,499,305,27655,0.12512563989245387,0.3470462058733825,0.3132625378202858,0.13260823629798266,True,Chlorella vulgaris,Zoo_01,fgeneshCV_pg.C_scaffold_18000164,TCR/CxC,.
1502,M06875_2.00,5,499,391,27655,0.125909525440963,-0.49673998615396303,-0.4470368850044271,0.13335039381031608,True,A. thaliana,OMalley2016,E2FD,E2F,.
1503,M02492_2.00,8,499,372,27655,0.12612977956686422,0.2531979051579957,0.2276710907352094,0.13349502216930884,True,A. thaliana,Zoo_01,STKL1,Storekeeper,.
1504,M06950_2.00,10,499,568,27655,0.12710701274227712,-0.03546230835129288,-0.031768216992744604,0.13444010963125466,True,A. thaliana,OMalley2016,HSFA6A,HSF,.
1505,M01942_2.00,10,499,551,27655,0.12752228005745478,0.008376302582231607,0.007491881718416535,0.13470597569756393,True,A. thaliana,Zoo_01,DOF3.1,Dof,.
1506,M02506_2.00,10,499,556,27655,0.12752728733750568,-0.004656261570118225,-0.0041645458123664506,0.13470597569756393,True,A. lyrata,Zoo_01,TCP24,TCP,.
1507,M01673_2.00,3,499,84,27655,0.12816826908935497,0.9850017942084229,0.8788377894011524,0.13529344089842565,True,Brachypodium distachyon,Zoo_01,BRADI3G55950,AT hook,.
1508,M08402_2.00,8,499,379,27655,0.12911736791097134,0.226302678094935,0.20118655134332067,0.1362051599325392,True,A. thaliana,JASPAR,SMZ,AP2,AP2
1509,M01314_2.00,7,499,313,27655,0.12994378973208504,0.3096927913910127,0.2744635242181682,0.13698634806521853,True,C. sativa,TF_Evolution,PK12240.1,TCP,.
1510,M06696_2.00,7,499,465,27655,0.13326905512962953,-0.26137526767176245,-0.2287741086344379,0.1403990376035397,True,A. thaliana,OMalley2016,HMGB15,HMGBox,.
1511,M02481_2.00,8,499,393,27655,0.13418265846186606,0.1739712140074205,0.15175571767015988,0.1412682113839448,True,P. patens,Zoo_01,fgenesh1_pg.scaffold_252000020,SBP,.
1512,M06750_2.00,8,499,396,27655,0.13510600902420683,0.1630000961864173,0.14170011317475825,0.14214649366333107,True,A. thaliana,OMalley2016,TGA3,bZIP,.
1513,M06874_2.00,3,499,281,27655,0.13593193544946713,-0.7571071032337428,-0.6561684481238222,0.14292118460243908,True,A. thaliana,OMalley2016,E2FE,E2F,.
1514,M07308_2.00,7,499,455,27655,0.13724352455629665,-0.23001109676242726,-0.19838644263589708,0.14420515261350011,True,A. thaliana,OMalley2016,AT1G23810,Unknown,.
1515,M07303_2.00,7,499,454,27655,0.13762132104192876,-0.22683684896728365,-0.1953778167081137,0.14441184675123445,True,A. thaliana,OMalley2016,AT1G10720,Unknown,.
1516,M06877_2.00,8,499,483,27655,0.13753478063449295,-0.12352266256974616,-0.10642557720782696,0.14441184675123445,True,A. thaliana,OMalley2016,EIL3,EIN3,.
1517,M01309_2.00,8,499,415,27655,0.1396000306494753,0.09538919003173987,0.08156867823853531,0.14639187960941033,True,A. thaliana,TF_Evolution,AT3G04930,Storekeeper,.
1518,M06860_2.00,7,499,447,27655,0.1401561738078241,-0.20441938285968678,-0.17444900067676408,0.1468785132874372,True,A. thaliana,OMalley2016,DOF4.5,Dof,.
1519,M01443_2.00,8,499,467,27655,0.14033656188261834,-0.07492202344363519,-0.06389568688042925,0.14697098897096272,True,A. thaliana,TFs_NonAnimalZFs,YY1,C2H2 ZF,.
1520,M06857_2.00,8,499,463,27655,0.14083563933564372,-0.06251166699420944,-0.05321539636318416,0.14739687975088697,True,A. thaliana,OMalley2016,DOF4.3,Dof,.
1521,M02001_2.00,4,499,323,27655,0.14173156271938908,-0.5430336384278981,-0.46078219275659116,0.14823727379503318,True,A. thaliana,Zoo_01,GATA26,GATA,.
1522,M00857_2.00,4,499,144,27655,0.1425808603567354,0.6224317148237143,0.5265391186305396,0.1490278324174266,True,A. thaliana,Franco_Zorrilla2014,ZAT2,C2H2 ZF,.
1523,M00726_2.00,6,499,272,27655,0.14538530576700134,0.289856375736844,0.24274876851397953,0.15185956954706428,True,P. patens,Chang2013,e_gw1.87.73.1,EIN3,.
1524,M02485_2.00,3,499,92,27655,0.14608328035819815,0.8537572609301702,0.7132283781833826,0.15248876451003013,True,A. thaliana,Zoo_01,INO,YABBY,.
1525,M07046_2.00,7,499,357,27655,0.14791155789537794,0.11993137429453159,0.09954278744772643,0.1542962294592072,True,A. thaliana,OMalley2016,AT2G20400,Myb/SANT,G2-like
1526,M01108_2.00,7,499,364,27655,0.14935979460458457,0.09191699812493487,0.07590195873988907,0.15560344375853194,True,C. sativa,TF_Evolution,PK26376.1,AT hook,.
1527,M01263_2.00,7,499,364,27655,0.14935979460458457,0.09191699812493487,0.07590195873988907,0.15560344375853194,True,C. sativa,TF_Evolution,PK15172.1,Trihelix,MADF
1528,M02661_2.00,7,499,374,27655,0.1507583535321052,0.05281717843599438,0.04340085867196573,0.1569579463992871,True,Antirrhinum majus,JASPAR,bZIP911,bZIP,.
1529,M01253_2.00,5,499,214,27655,0.15238360581668897,0.37281782475224234,0.304615185827705,0.15854654356009062,True,C. sativa,TF_Evolution,PK25011.1,Homeodomain,HD-other
1530,M06876_2.00,3,499,264,27655,0.15369914944074792,-0.6670749023712704,-0.5425510536451119,0.15981104521381545,True,A. thaliana,OMalley2016,E2FD,E2F,.
1531,M02141_2.00,4,499,153,27655,0.15469635870948717,0.5349688735733752,0.43360292258611194,0.16074312191637266,True,Medicago truncatula,Zoo_01,MTR_2g038000,Homeodomain,HD-PHD
1532,M01860_2.00,1,499,162,27655,0.15541051940101328,-1.5474932866185978,-1.251178634666681,0.16138006409154698,True,A. thaliana,Zoo_01,AZF1,C2H2 ZF,.
1533,M02545_2.00,4,499,154,27655,0.15596301412666547,0.5255701755711254,0.42412376899971,0.16184841088616228,True,A. thaliana,Zoo_01,AtGRF6,WRC,.
1534,M02308_2.00,3,499,97,27655,0.1566248462238872,0.7774063748000555,0.6259204573786468,0.16242953818407027,True,A. thaliana,Zoo_01,KAN1,Myb/SANT,G2-like
1535,M01688_2.00,3,499,98,27655,0.15866287586782332,0.762609372871975,0.6097250133680204,0.16443618389160378,True,Oryza sativa,Zoo_01,OS02G0824300,AT hook,.
1536,M02535_2.00,2,499,48,27655,0.15903498749963182,1.2073942155448707,0.964113120351259,0.16471480848176154,True,O. tauri,Zoo_01,gw1.20.00.89.1,TCR/CxC,.
1537,M00872_2.00,6,499,304,27655,0.15932018512470783,0.12939170354359758,0.10321953984739948,0.16490311179358144,True,A. thaliana,Franco_Zorrilla2014,ARR11,Myb/SANT,ARR-B
1538,M06944_2.00,6,499,351,27655,0.1615028905216207,-0.07800800331737753,-0.06176827381668098,0.16705389778338847,True,A. thaliana,OMalley2016,HSFC1,HSF,.
1539,M10064_2.00,4,499,159,27655,0.162040429732202,0.4794737609816715,0.3789648475796333,0.16750128672900985,True,Antirrhinum majus,Transfac,bZIP911,bZIP,.
1540,M02367_2.00,5,499,330,27655,0.1635054614863791,-0.2520374030924264,-0.1982192858611164,0.16890622478677117,True,O. tauri,Zoo_01,estExt_fgenesh1_pg.C_Chr_16.00010090,Myb/SANT,ARR-B
1541,M00725_2.00,2,499,206,27655,0.16734457819876772,-0.8941438109171913,-0.6942028414150602,0.17276026034112266,True,A. thaliana,Chang2013,EIN3,EIN3,.
1542,M02274_2.00,4,499,288,27655,0.1693809543900864,-0.37756828517628566,-0.2911562798281489,0.17474943224591707,True,A. lyrata,Zoo_01,GT-1,Trihelix,MADF
1543,M00724_2.00,2,499,204,27655,0.17021073745982185,-0.8800686257054687,-0.6767842551112321,0.1754920014534039,True,A. thaliana,Chang2013,EIL1,EIN3,.
1544,M02525_2.00,3,499,104,27655,0.1703507741367215,0.676879498846091,0.5202874125912039,0.17552292296387004,True,Brachypodium distachyon,Zoo_01,BRADI1G55710,TCR/CxC,.
1545,M06873_2.00,5,499,254,27655,0.1747707637691821,0.12560012438122334,0.09514601493236188,0.17996085746407067,True,A. thaliana,OMalley2016,E2FE,E2F,.
1546,M06709_2.00,3,499,243,27655,0.17572954909697275,-0.5474932866185979,-0.41344240526714787,0.18083137471591712,True,A. thaliana,OMalley2016,AT4G33280,AP2,B3
1547,M11071_2.00,5,499,261,27655,0.17646260031105201,0.08637881458350495,0.06507324893784316,0.18146863152554996,True,Petunia x hybrida,Transfac,myb.Ph3,Myb/SANT,R2R3-MYB
1548,M02285_2.00,5,499,287,27655,0.17733997961180822,-0.0506221155222984,-0.03802699633070387,0.1822533939953828,True,A. thaliana,Zoo_01,TRFL5,Myb/SANT,MYB-related
1549,M02278_2.00,4,499,267,27655,0.18324230007765602,-0.26833921542152694,-0.19775909620334958,0.18807687813633292,True,Ricinus communis,Zoo_01,29929.m004704,Trihelix,MADF
1550,M01996_2.00,4,499,267,27655,0.18324230007765602,-0.26833921542152694,-0.19775909620334958,0.18807687813633292,True,A. thaliana,Zoo_01,GATA28,GATA,.
1551,M01955_2.00,2,499,55,27655,0.18436398725320985,1.0109970027413673,0.7423992699564947,0.18898493551983916,True,P. patens,Zoo_01,gw1.12.257.1,Dof,.
1552,M01954_2.00,2,499,55,27655,0.18436398725320985,1.0109970027413673,0.7423992699564947,0.18898493551983916,True,P. patens,Zoo_01,estExt_fgenesh1_pg.C_370003,Dof,.
1553,M01291_2.00,4,499,264,27655,0.18494643339254344,-0.2520374030924266,-0.1847318326861747,0.18946021917861705,True,C. sativa,TF_Evolution,PK19314.1,NAC/NAM,.
1554,M02363_2.00,4,499,260,27655,0.18708901023831884,-0.23001109676242762,-0.16743697409711222,0.19153207402446631,True,O. tauri,Zoo_01,A0A096P9U6_OSTTA,Myb/SANT,MYB
1555,M07045_2.00,3,499,231,27655,0.18781102699711238,-0.4744298244288743,-0.34456837693321263,0.19214790767183723,True,A. thaliana,OMalley2016,EFM,Myb/SANT,G2-like
1556,M07307_2.00,1,499,13,27655,0.18860157702935818,2.091916998124935,1.515499059765173,0.19283302266783736,True,A. thaliana,OMalley2016,SRS7,SRS,.
1557,M06708_2.00,2,499,191,27655,0.1891365547424255,-0.7850721117697218,-0.5677834060770545,0.19325612095718686,True,A. thaliana,OMalley2016,ARF16,B3,ARF
1558,M01854_2.00,4,499,255,27655,0.18954312813954768,-0.20199672059283105,-0.1459006064710168,0.19354756042418603,True,A. thaliana,Zoo_01,AZF2,C2H2 ZF,.
1559,M00880_2.00,3,499,117,27655,0.1921430802333909,0.5069544974037785,0.3631696555420004,0.19607691169050448,True,A. thaliana,Franco_Zorrilla2014,AT5G28300,Trihelix,.
1560,M00848_2.00,4,499,241,27655,0.1949088453675982,-0.12053261996393465,-0.08559846404500429,0.1986451171637822,True,A. thaliana,Franco_Zorrilla2014,ERF1A,AP2,ERF
1561,M02473_2.00,4,499,241,27655,0.1949088453675982,-0.12053261996393465,-0.08559846404500429,0.1986451171637822,True,A. thaliana,Zoo_01,AT1G76580,SBP,.
1562,M02378_2.00,4,499,206,27655,0.19595860331697396,0.10585618908280868,0.07492878595274247,0.19958746634136237,True,Oryza sativa,Zoo_01,OS06G0131700,NAC/NAM,.
1563,M02692_2.00,4,499,213,27655,0.19738086052207546,0.057647096040188604,0.040623618151343764,0.20090776804895363,True,A. thaliana,JASPAR,LFY,Leafy,.
1564,M02654_2.00,4,499,226,27655,0.19776051779386014,-0.027822246149160745,-0.01958297756725855,0.20116583283240239,True,A. thaliana,JASPAR,DYT1,bHLH,.
1565,M02045_2.00,3,499,123,27655,0.20043220638956497,0.4348047116479433,0.30350781671700683,0.20375358138391084,True,A. thaliana,Zoo_01,ATHB-12,Homeodomain,HD-ZIP
1566,M07289_2.00,2,499,61,27655,0.2037258308089982,0.8616193787031406,0.5953392721288251,0.20696987270086123,True,A. thaliana,OMalley2016,TCP14,TCP,.
1567,M10077_2.00,3,499,200,27655,0.2141298594213407,-0.2665369727875415,-0.1783992644325302,0.21740109852134845,True,Antirrhinum majus,Transfac,O22676_ANTMA,bZIP,.
1568,M09705_2.00,3,499,199,27655,0.2147983003903737,-0.2593054035564657,-0.1732080124286595,0.2179410236149148,True,A. thaliana,Transfac,ANT,AP2,ANT
1569,M02015_2.00,2,499,170,27655,0.2196904132495508,-0.6170342198716748,-0.40612507086787347,0.2227630064418522,True,Oryza sativa,Zoo_01,OS06G0698900,GATA,.
1570,M01853_2.00,3,499,148,27655,0.2225251761654067,0.16786585135823354,0.10955275400775014,0.22549406352212434,True,A. thaliana,Zoo_01,ZFP8,C2H2 ZF,.
1571,M07341_2.00,1,499,17,27655,0.22933307552410295,1.7048938750156877,1.0903364140591623,0.23224524156250426,True,A. thaliana,OMalley2016,AT4G12670,Unknown,.
1572,M02155_2.00,2,499,158,27655,0.23610762186514267,-0.5114240319110761,-0.32060660783430056,0.23895409700184173,True,Oryza sativa,Zoo_01,ZHD7,Homeodomain,HD-ZF
1573,M01063_2.00,2,499,156,27655,0.23869965479497576,-0.4930455025962215,-0.3067473764278287,0.24142419112110738,True,A. thaliana,Stam_Arabidopsis,DOF5.6,Dof,.
1574,M02004_2.00,2,499,153,27655,0.2424887939387455,-0.4650311264266248,-0.28613752418009547,0.24510115737154567,True,A. thaliana,Zoo_01,GATA7,GATA,.
1575,M00878_2.00,2,499,83,27655,0.25394190250189924,0.41731728491910225,0.24841463695660682,0.25651509467417943,True,A. thaliana,Franco_Zorrilla2014,KAN1,Myb/SANT,G2-like
1576,M01943_2.00,2,499,85,27655,0.256886178292399,0.3829657801283251,0.2260490988377536,0.25916094520959926,True,A. thaliana,Zoo_01,DOF3.2,Dof,.
1577,M02533_2.00,2,499,85,27655,0.256886178292399,0.3829657801283251,0.2260490988377536,0.25916094520959926,True,O. tauri,Zoo_01,fgenesh1_pg.C_Chr_09.0001000301,TCR/CxC,.
1578,M00858_2.00,2,499,138,27655,0.25913309866125134,-0.31616774051214214,-0.18542514327562495,0.2612625109764196,True,A. thaliana,Franco_Zorrilla2014,AT3G53600,C2H2 ZF,.
1579,M06974_2.00,1,499,114,27655,0.2627788250815224,-1.040533297898715,-0.6039355500607442,0.2647708313360886,True,A. thaliana,OMalley2016,GT-4,Trihelix,MADF
1580,M01696_2.00,2,499,102,27655,0.2720308878637314,0.1199313742945313,0.06780701399797352,0.273919991251674,True,A. thaliana,Zoo_01,AT1G51120,AP2,B3
1581,M02647_2.00,1,499,110,27655,0.27275620863366434,-0.9890029972586327,-0.558020567191063,0.2743040055300723,True,A. thaliana,JASPAR,ANT,AP2,ANT
1582,M01319_2.00,2,499,104,27655,0.27274471499791775,0.09191699812493487,0.05186358307298822,0.2743040055300723,True,A. thaliana,TF_Evolution,AT5G25790,TCR/CxC,.
1583,M02700_2.00,1,499,104,27655,0.2877075494000191,-0.9080830018750651,-0.4913171659254962,0.2891578710101011,True,A. thaliana,JASPAR,RAX3,Myb/SANT,R2R3-MYB
1584,M10065_2.00,1,499,27,27655,0.30366928596125226,1.0374692141025583,0.5369931644164814,0.30500787853161043,True,Antirrhinum majus,Transfac,bZIP911,bZIP,.
1585,M02156_2.00,1,499,92,27655,0.31677166702662335,-0.7312052397909862,-0.36505689941506186,0.31796778408273396,True,Oryza sativa,Zoo_01,HOS66,Homeodomain,HD-KN
1586,M07148_2.00,1,499,33,27655,0.33277354542994914,0.7479625969075734,0.3574148291328547,0.33382000311998045,True,A. thaliana,OMalley2016,TRP1,Myb/SANT,MYB-related
1587,M02486_2.00,1,499,40,27655,0.35512323283156577,0.4704286213786645,0.21151454690654523,0.3560160630838136,True,A. thaliana,Zoo_01,YAB5,YABBY,.
1588,M00861_2.00,1,499,72,27655,0.3569432878749316,-0.37756828517628566,-0.16892434540476234,0.35761591969881656,True,A. thaliana,Franco_Zorrilla2014,ZAT6,C2H2 ZF,.
1589,M07342_2.00,1,499,41,27655,0.35743703140717,0.4348047116479431,0.1942709432005838,0.3578857910197339,True,A. thaliana,OMalley2016,AT4G12670,Unknown,.
1590,M01121_2.00,1,499,47,27655,0.3673559182312618,0.23776786458838944,0.103408325573802,0.36758637991145704,True,C. sativa,TF_Evolution,PK05923.1,bHLH,.
1591,M00865_2.00,1,499,58,27655,0.37105779845081543,-0.0656242788615451,-0.02825508690274148,0.37105779845081543,True,A. thaliana,Franco_Zorrilla2014,ATHB-12,Homeodomain,HD-ZIP
